2909
1517
2945
2737
2351
1633
721
1055
421
616
2127
2410
3480
2722
207
814
683
1848
2590
2928
3114
2991
1447
2043
1106
902
376
2976
3139
3508
445
244
3146
3430
2821
1193
2543
3130
3529
411
2905
2866
306
1686
941
1609
3540
196
1545
605
3354
1602
2048
689
757
1976
2427
1371
206
2488
663
128
3488
1280
2773
2469
508
412
2593
2715
1496
3496
3038
3427
1528
3010
2763
2122
1829
2451
1068
1030
1791
2533
3217
353
1905
3621
971
1707
262
767
1180
2860
940
1746
1755
1198
3066
3589
1389
2241
1401
1080
3617
198
3276
447
1661
2689
3553
2760
3289
1020
1192
3196
1366
184
2670
2117
2654
3499
258
2934
1594
1927
2786
2671
2756
2856
1315
1099
3559
3343
947
746
3546
1932
3144
2044
872
2703
291
1615
300
324
1138
394
2919
2995
1254
942
705
2808
247
1598
1247
2683
1462
1018
3315
3168
2227
2795
2064
2250
2936
2404
1414
3579
320
1671
314
927
1110
459
2306
389
1799
3359
725
3302
1562
1341
145
518
1076
1444
1534
1427
1104
2486
1757
1467
2466
485
575
1358
614
325
241
2693
193
1592
846
1894
1085
343
3287
1580
1483
2097
2886
1815
3187
2346
82
1563
159
2623
6
3043
2384
1690
3336
2001
1674
1071
1183
118
2251
2802
2721
3468
2951
2111
2662
3405
2830
1188
1182
882
249
3601
2688
2113
3578
2276
2302
2479
1114
2921
22
72
564
3580
856
570
2563
985
2572
2953
3372
2789
3524
795
1275
364
951
44
517
3415
363
2876
2159
371
2045
798
3242
1541
1319
231
804
2271
3005
745
2755
838
322
1423
2245
2598
1191
1325
3109
1753
3079
1264
3320
712
390
3525
2601
1409
3461
453
2799
2211
2297
3377
1723
2888
1127
2625
1752
1031
1318
2845
3469
1004
3324
1839
913
1678
2794
2718
1952
1963
2767
2099
2667
2779
1121
374
1565
395
90
3605
904
1954
3119
1348
2334
2268
2650
1758
2983
1457
1413
1251
1176
2307
454
3571
1431
3085
2229
2036
1125
3619
245
3423
377
1398
2727
2551
2735
1840
3453
2225
634
3342
2932
822
2453
2220
2376
23
849
3401
2460
706
2267
3041
1122
3516
693
850
1057
1190
3021
2112
1570
481
1143
187
1465
1895
2337
2641
3274
2607
1700
1171
2005
2554
888
2744
1935
3158
413
1986
1987
2007
2333
1390
235
2444
747
567
2441
1620
554
2196
119
2752
3636
3433
2499
85
1083
161
469
91
3572
1015
2632
432
2051
3061
2561
1929
3399
436
3182
636
369
3190
549
878
844
1105
2869
1717
2836
1163
2120
295
222
676
3389
2530
820
1308
2813
1718
2783
2712
182
1175
186
1332
1092
1589
2165
1782
1626
1477
1201
252
3398
2651
2933
3420
1346
1133
3091
617
2152
1747
3285
1421
1946
1081
3431
3534
2955
2972
1564
2639
839
93
1025
1372
370
512
3560
2542
2040
2780
273
680
647
2000
1526
1675
2891
2259
786
2493
1367
2233
48
1279
3613
2423
1631
1377
1500
3033
2490
2537
728
1063
695
1603
3590
1148
1291
1458
3334
1234
3490
2510
494
1721
3422
2864
590
1918
2699
2442
1804
1261
17
3569
1731
3549
3478
1196
1327
298
1278
3612
815
2724
457
2311
3155
3467
498
3098
1548
1735
968
1149
3194
3086
2253
1899
2147
1221
853
478
1159
596
921
1523
333
3312
270
79
1248
859
1433
1266
2528
461
147
2492
2473
3141
609
2545
3434
2482
3316
299
120
2906
1322
658
885
2498
1947
545
613
171
3539
3367
608
583
934
1868
319
667
1320
2314
2023
3582
2181
3203
3205
1418
2378
342
1573
1033
2948
3301
3136
2013
3143
3268
1302
3634
504
708
1663
1750
1760
2935
2361
423
3425
530
1670
2068
1604
1881
3390
2355
1209
3040
1900
2854
1974
1600
1852
201
1202
656
2980
3319
3376
3051
2399
1303
2954
1029
579
1074
105
2381
3256
2197
522
1056
1032
2216
1494
2882
3457
1095
3304
138
662
1583
772
2622
2754
722
2713
3575
2588
2627
2406
1518
2647
3395
2550
1777
2116
1555
1101
2496
1856
669
2582
1354
2774
197
1985
711
1497
2974
1697
892
1546
566
1294
3450
2061
2207
870
1466
136
3069
211
3210
514
1536
422
2606
217
2199
3455
895
1231
2218
180
2710
3537
1836
3142
202
1411
71
3352
3272
2190
3186
630
3585
932
744
2133
1572
1637
2714
2538
1116
3542
1253
2592
2316
1968
2777
456
2884
3512
2264
3311
2078
3416
3545
2998
77
3349
257
313
1113
2219
805
248
2171
1965
1524
2942
2296
2414
1972
3211
1939
544
2547
873
2985
3160
887
83
1028
699
1898
1042
2729
1585
2135
1134
3264
621
1897
3378
434
2949
2566
2173
1459
3046
1655
3018
2095
644
563
2153
2916
1857
1519
2800
1051
464
2964
1242
1959
268
741
537
3556
462
2472
533
2380
310
843
3630
472
782
1706
3048
1561
1200
2367
1000
2915
1016
1179
3269
156
3593
679
3232
1022
2726
1776
1293
3616
3514
3348
1869
905
1067
452
739
143
1045
3403
2114
1432
1558
2661
3346
339
500
3502
1989
3473
1491
61
1787
1262
1373
2917
1335
2465
1806
74
1771
3291
1453
2585
2109
2812
126
665
1696
3595
3223
775
59
2610
1077
1463
982
3271
1328
103
1537
879
1933
317
99
661
975
3162
2564
194
104
122
877
2680
1460
3570
64
215
2091
1206
2342
1854
939
574
358
3387
132
1258
2658
3562
1383
2163
1084
2108
2269
1605
734
225
301
2811
2523
2483
5
3486
1384
135
3586
3003
3489
973
3250
1345
2669
937
440
106
1086
3436
2687
2846
1305
2805
2084
116
305
1966
2348
2292
3602
1553
1150
778
419
3177
1619
2686
2284
229
1140
3366
3558
1232
2943
1938
3554
2090
433
2018
2946
2336
2519
3094
588
1550
267
2636
1241
1691
3330
53
606
2679
824
1533
114
149
2252
3104
2672
783
137
540
1928
2696
2578
2467
2515
2175
2030
1889
884
176
1779
936
2513
1979
2747
2144
1917
1768
435
2912
592
726
3032
3016
226
1352
2463
1738
3404
2778
400
1970
468
3515
3176
3410
719
1849
1540
2614
819
1268
1065
1907
2676
3550
898
2447
426
1984
3607
2659
2576
2177
3221
3159
2238
1185
284
732
3052
1014
2709
396
3439
1850
2597
2200
3465
2401
65
1066
2892
1449
2403
3234
1640
1434
3151
2458
598
523
1288
3254
311
2155
45
3
2982
2624
931
1956
3299
2989
1994
2386
1274
3463
1342
2923
362
1117
69
2262
3084
1614
3381
1324
2562
1915
1054
2619
2594
2511
977
3082
2383
1456
531
1542
1408
2419
2053
3171
1845
2210
916
2508
2504
1269
1795
1285
2074
1679
799
1650
834
2690
3111
3154
970
1808
50
587
2325
972
922
425
2011
221
2021
185
797
2890
1399
2956
1070
3519
1240
1669
3339
787
30
2221
948
926
94
1586
1243
618
2140
541
671
387
3050
3231
2926
3620
1742
2409
2609
1745
1488
2990
966
3140
2994
742
216
1612
2426
318
2907
1832
297
210
556
1710
3629
2698
600
3402
2527
526
2257
2146
2243
1252
109
1847
3020
2412
2470
643
492
123
54
2205
3397
2868
3482
1299
3261
2156
3024
2843
2375
1859
1522
1996
3068
1128
448
2142
1412
2782
3035
672
3184
275
1340
1382
1810
2063
2158
1419
668
861
685
1062
906
2184
1880
2086
3169
3284
1736
2565
1429
2285
1730
274
2638
2814
1967
2420
2260
1304
1376
781
918
112
1638
3507
1652
2702
506
491
1226
2740
1882
1834
2648
2706
3328
3233
2881
3083
1809
2033
1296
3566
345
195
470
717
911
1504
619
825
2901
989
1993
3611
1298
3344
1281
178
577
3565
140
1475
2254
807
2100
821
127
144
2939
2345
3077
1835
3235
2024
3173
289
3454
3544
3308
2548
49
2246
703
1819
1521
1858
1509
1569
1843
1199
543
2584
2017
2323
1381
1784
1222
3476
418
2066
1885
638
2457
992
1623
2298
978
1646
2273
1220
3188
455
2374
847
1937
1393
507
3071
1878
1207
3049
3384
2558
994
2055
2277
2806
3065
2392
2289
424
3097
2973
451
2433
830
589
2559
2902
3009
1684
384
1072
334
1991
360
2599
1645
969
463
1574
2897
520
2240
256
3604
1983
2069
2170
766
3563
56
502
330
2742
2183
2580
497
2331
1833
1157
1693
3510
2391
460
1507
2176
599
720
2694
2481
1739
1356
2552
704
3163
547
2792
1208
1103
279
3564
9
1343
1061
2124
352
3017
1096
3282
2745
1260
578
2975
2736
792
1816
240
1130
2847
2634
3353
3156
501
735
162
1837
1998
1010
777
368
1094
2377
1830
2364
2432
3484
2801
1151
1665
1705
230
1727
542
2567
1783
2816
890
2849
1873
3027
283
3096
2574
2286
1960
1958
963
1194
3555
2455
2583
1001
1368
2677
1950
1862
2215
3552
415
1734
2365
794
2362
2278
1089
290
1292
1375
1336
2944
1728
915
1992
1647
751
1353
3255
2059
2579
220
729
2353
243
604
496
3206
3576
1685
2895
3228
2062
1461
3180
3511
881
2544
2589
1489
312
2743
2960
2507
1267
2757
1841
893
1629
990
3350
3517
1257
2603
2560
14
515
2217
1800
511
134
3333
674
2304
251
1270
1908
1995
3219
3047
828
3451
3338
1853
938
2372
3292
3007
2309
3615
175
375
615
1920
1866
1152
1529
1024
2050
2003
688
2092
908
2193
3134
1047
10
3112
2841
26
560
2532
949
1957
1514
749
864
34
3045
2666
1131
3408
594
1439
2118
3444
2796
2248
39
1233
3470
909
449
1749
3107
1046
2288
880
1007
346
1916
3026
3435
1659
1694
2487
954
3424
2695
2643
486
2299
2835
2618
1167
3626
2725
3591
1892
1410
2430
2494
962
2852
2290
3121
2130
234
2520
47
2141
1653
505
365
3326
3247
2449
1676
1023
1781
2918
287
2768
3443
3288
790
2037
278
332
2417
2992
553
2274
3296
3500
276
1667
1875
1286
1123
3148
1593
1732
3113
2556
3101
3089
3192
2978
3412
652
190
2663
1530
52
714
3002
3039
1681
480
152
2395
1093
1003
3212
3310
160
2927
1436
1556
3012
191
2904
3125
3393
1060
98
1306
3157
1641
1181
260
852
1147
3225
2343
1531
865
3568
1111
12
2454
1744
1941
3106
154
2809
835
139
871
650
1203
538
25
3014
991
1230
1872
2652
1627
2506
551
2962
2373
3504
1649
3088
2877
2226
2443
2577
1187
2439
988
528
1422
1310
3419
701
1588
2787
1767
2571
3260
169
1805
3042
737
929
851
2701
2070
2370
581
1380
2937
591
1772
1535
86
2705
3458
2201
1579
1877
842
1363
2321
1703
1217
2437
3152
237
811
2349
3078
3460
213
1651
603
3239
1860
0
2707
1511
1272
2758
3263
403
1890
2172
2911
2828
2697
3337
597
1212
2002
867
696
1701
1726
3008
648
2094
1888
1962
635
1490
1668
780
76
3369
1344
1543
3557
1774
874
294
409
935
1469
340
199
743
1415
1440
1120
1259
760
254
2400
3252
1374
1716
250
1743
3351
3597
640
779
1452
1073
398
13
2256
2106
42
183
2185
111
2179
437
897
3313
383
692
2083
1512
1307
2612
40
3413
891
2804
2748
2042
561
716
1407
773
1430
1709
2340
2776
1237
1338
2082
3329
151
3411
2073
855
3150
1909
670
1142
2611
3222
1227
323
474
3249
200
2825
1472
2366
2028
1036
1370
3000
3199
2871
2668
3237
341
1426
3118
484
2875
2526
776
1249
3241
1129
179
1420
3243
2204
2209
1019
168
189
2569
2208
3358
3632
2557
923
2371
933
3229
1139
2958
3321
2615
1764
2322
2139
3541
277
2596
2613
3132
2850
639
654
3394
1295
1471
2987
2621
1886
1011
3610
2107
58
953
495
3294
784
1391
2920
232
899
2102
2635
2711
3060
2203
212
1865
624
78
2164
8
2833
1930
1855
2136
1435
2826
1169
233
335
1644
108
1224
3391
1255
761
1038
889
2359
1944
3201
1912
762
361
3622
2235
2056
3345
682
1505
3273
2497
479
2214
1204
124
1455
2855
482
1851
406
3357
2474
1424
2305
754
3281
393
1284
1385
3449
1773
2644
2151
3520
465
3445
713
2022
3567
791
3472
441
664
1480
3116
763
770
2464
2913
3594
2704
907
2503
1263
3170
281
1438
733
1977
1923
1317
657
965
2514
3266
3392
3596
840
1547
730
379
1238
3464
3530
1053
16
2535
3347
1683
3447
2899
3438
2629
1575
2734
2188
1052
1846
1145
1502
1406
37
2476
2150
3214
1357
684
1498
3533
3528
1300
3128
3004
1441
802
1778
2717
209
2889
659
487
164
1271
2477
1273
3006
1059
555
2874
961
2283
1883
1733
509
2160
2505
2512
845
1100
1186
1216
2963
2822
3531
1803
1445
2025
2862
525
3022
813
2685
2591
3362
477
632
1714
2979
3368
764
1913
32
326
1797
1404
1578
1642
1136
1451
405
1539
350
2824
2459
572
1876
2310
1656
1812
1571
3603
3340
2664
150
354
1311
329
694
2518
2313
2335
3371
2128
573
1347
1582
3306
2863
655
3290
2839
2085
1591
756
336
981
731
1981
690
2605
903
1704
378
2604
1218
21
1999
1818
1576
7
3240
3483
146
2149
1551
3056
2320
2280
3547
3374
2691
3609
2057
769
1360
1863
2266
3418
1516
3441
1639
41
2620
1699
1759
1785
2893
1026
158
558
1975
1499
2880
2019
2058
2872
2674
1112
2491
3477
1403
155
2642
3522
715
519
24
2630
401
304
2971
3332
2456
1624
1446
2898
2421
265
1079
1229
414
2930
1040
420
3551
958
2485
801
2103
429
3513
3137
2411
3624
2798
900
1197
3135
2339
979
1630
748
1211
141
686
2279
84
3298
1350
166
1351
2653
2678
2408
1326
1560
924
1486
1402
3189
253
100
302
2947
2446
3538
2027
3197
3072
3081
2682
3178
1770
1552
2723
817
601
3600
366
3209
1246
2471
894
2161
920
1688
3126
2032
33
1287
765
2865
2996
832
2478
2462
2819
1088
1210
3361
1577
1492
3248
2093
2131
1762
1607
3493
475
1290
1239
3230
1013
2194
2206
242
1154
996
1002
2132
1337
3574
1689
3492
2858
3509
2174
3215
2970
1236
3314
1205
2829
2046
