17895
13914
3803
13079
7317
2871
2979
1210
11067
9571
12368
1359
12785
4984
7487
10408
12249
7287
16859
11450
15175
3703
2478
3927
10220
712
12644
11418
12869
11180
102
6733
12840
8468
4364
10703
4290
6673
297
14245
4579
6050
11242
16602
3991
18166
16563
7771
15749
12313
11102
9456
841
13975
3335
15417
8382
7286
5604
17522
7072
5761
2707
6230
7846
10019
7192
9419
1166
852
11094
1755
5557
7232
2715
13098
9451
9669
15748
18332
14991
10687
6652
7397
3518
8453
9398
18130
968
8058
869
4780
9091
7890
18179
6732
17574
10874
13152
2559
1509
5418
11566
1345
10347
4553
8061
5512
7734
13429
14704
13052
2557
15571
6589
14125
10673
7126
17262
12573
5432
15878
8854
11628
16284
401
13666
17573
1659
9600
10261
9443
6899
964
15968
4311
14799
8203
11013
725
1636
15058
9960
17901
17818
785
3373
6078
4105
4028
14743
5252
3750
12136
15667
3576
13757
17432
12284
2602
14424
11431
11681
16634
1245
12352
2234
5263
2090
9674
12330
13186
13422
6247
11423
6728
6296
12548
2630
6633
4182
11358
15497
7252
16022
4045
3873
13609
4841
5767
6988
11025
15774
16366
16623
15524
8597
10892
18180
6027
15299
9607
2635
8295
7763
16070
7917
1171
16504
17050
99
8768
2800
8727
13285
11601
11351
9097
7154
717
17607
9511
15344
16351
13069
8729
14739
818
9784
1025
7570
5516
12959
2545
4302
6045
16805
6512
9547
12602
4665
11965
9936
12329
6205
9026
5666
1181
13564
17672
14430
11117
5445
1421
6935
14119
13881
14506
18097
2008
2480
11348
14056
12685
2103
15733
10824
8669
1974
6257
10361
11594
14614
619
12453
4779
14719
8254
5289
13948
8569
8367
3346
2664
6893
9628
17497
15147
7254
11982
17186
14021
2384
2836
13092
5656
12904
17367
11857
15310
2577
10083
12013
16550
8526
3238
15287
3146
5449
17816
1973
16453
5492
11324
8754
9238
4235
3248
13933
17405
7932
13187
9715
6491
12503
7889
9933
10932
6696
1778
539
6010
5575
9254
1607
11342
11819
14982
11987
7567
14092
18163
1399
13076
5869
9351
14539
12576
13627
13578
4448
15280
16029
16609
13772
6364
18263
6834
17331
3111
16774
13522
14451
15886
6166
5085
14765
15603
6568
13984
13816
2790
17035
9760
10309
9824
13777
4204
14114
9083
6829
3935
15824
11634
4598
14908
6112
2961
1014
309
3411
18238
7655
12328
6940
17412
10139
5606
13231
4067
323
4802
13804
9554
12552
5237
12028
17682
5311
14420
11124
6304
16402
17595
8812
5882
12641
13970
10156
9953
8240
15461
3118
9181
12939
5768
2414
5625
2327
13716
9752
9210
2994
5102
734
5998
12106
12670
6453
828
5778
15548
9807
516
14815
8200
8818
17853
13448
4960
14925
13329
12843
16369
14349
11938
9764
9066
3619
1921
11974
10064
6975
5581
6384
7165
5481
12934
18274
16110
15546
1085
11026
11901
6471
2633
12525
10382
14670
14174
15185
1396
15141
774
16535
11259
3631
0
5985
11596
16599
5397
6699
13363
10910
5885
18340
10477
4082
18308
12591
15786
12736
15915
6429
9081
1583
13921
3700
15735
15771
4941
604
846
5026
987
8629
8713
15654
10573
7326
5586
3574
2274
13697
8576
1835
17916
5536
692
10827
2267
13103
14469
4454
10136
17499
15647
5315
6216
17599
10108
8976
12189
14532
12224
12492
6619
7527
16188
15633
2225
4002
15093
7343
261
39
9923
908
2092
5784
12675
15510
10744
7615
933
7291
2439
9986
7856
3062
6260
16975
7500
10369
5483
12311
15483
13680
15242
5497
13195
5088
1814
8763
16134
4474
1271
2892
16847
8573
13011
14492
8314
8655
14684
14885
12104
12946
6134
14713
886
1717
5739
17302
10295
9592
2501
17553
395
10450
11230
6350
13358
7805
2863
9309
15276
6346
18393
12153
17480
10250
2269
15881
7101
2291
8835
4732
17635
12654
8255
705
4724
10909
4818
2932
18083
11701
17715
5164
2924
2054
4612
13726
17193
5338
6062
16318
167
10330
11790
1535
60
16413
18375
16210
9013
1274
4520
9842
997
17423
12937
15281
12952
2365
751
3464
8776
12437
9801
10363
9875
2027
3072
6644
9683
2299
13120
13255
556
15923
13628
10770
755
3911
2436
17518
2847
13367
18303
10045
3418
1214
1538
13505
9951
1215
13123
16521
8694
16696
17213
17234
3149
16789
14073
9621
10515
11385
14006
2078
866
14918
9163
7139
7837
7599
15010
18241
3213
12116
17224
18477
12335
5355
9783
6833
15641
1452
464
13703
15326
14662
17084
16790
14913
4772
17629
17424
12219
13745
10238
7565
14751
13220
13021
12898
15518
15357
8508
4288
8595
5405
13770
2713
15444
3262
18135
14340
4548
1765
2645
11490
15587
5112
12832
15762
1856
7086
3711
10540
1307
4740
7939
16344
18265
4536
5383
186
12138
4712
1874
18112
4405
17537
15112
10785
17333
15963
4848
15732
15698
11131
6647
11138
11335
14257
17687
1059
2661
15252
9418
16244
3497
10720
6021
4056
12692
11389
12766
16553
8767
9227
9828
8613
1131
334
6082
12981
8085
14355
14702
3026
4271
3009
18008
5167
9535
205
5698
84
15756
554
14953
10331
1208
6744
3170
11270
4924
11554
17978
17283
12886
12071
15697
13006
6551
444
15532
14623
8109
2045
5742
6076
2161
16597
6972
10517
2337
6885
9206
9946
13513
6725
9497
441
10537
10989
3693
8343
920
10757
4972
2538
2149
12490
6932
10813
850
5932
15133
10242
16001
6807
7815
3645
14085
4418
6246
8179
2232
18384
17800
11930
5321
17393
9905
15214
12373
18385
1038
8872
3350
15778
448
291
15822
9260
5901
538
8838
16451
6925
10664
1650
9563
12791
14697
10558
13102
7793
15290
13699
6292
3851
13044
7784
17270
4673
10124
3728
1295
5507
1273
10954
13813
2460
16221
5915
740
5736
16160
7455
14720
1998
8448
14445
371
16101
6781
14856
5600
7384
362
6812
2166
6567
10269
4053
1044
11786
10256
9468
16185
13057
772
8968
8610
6410
294
8309
4654
17699
15935
9348
11284
4863
13693
1350
11538
13054
7776
3115
7876
3101
10981
1871
7169
10841
8667
6896
13050
15062
663
13154
8339
12584
10268
6387
2197
944
947
10044
5661
4144
11068
6213
15213
4493
6906
5651
3197
7021
18430
7423
17992
844
17294
9329
12777
284
17447
1837
1187
17345
8959
1956
14626
15911
1601
4365
17855
8257
10355
11359
14777
6252
18018
8837
13654
6989
3812
14862
10708
14927
9244
12740
14416
18078
17881
4431
12537
18065
14581
15582
15974
3719
5671
4038
7031
13110
16396
16729
12432
12286
3027
11784
8469
2360
11104
16646
6761
1002
3924
18044
18133
8591
4621
12950
17046
15324
15161
12822
14429
2895
17651
2746
3613
13637
16605
7079
5313
2407
7732
5685
4370
4055
9663
9072
4684
1032
4668
8600
6740
4036
17469
7166
8737
473
8112
15303
16963
6775
11364
16481
6810
2805
13309
4541
14163
296
4148
11727
6799
9424
4070
779
7644
15044
5489
16123
7651
9561
504
5990
17910
13161
15074
9006
2769
18155
12371
5471
13843
10851
12661
12268
2894
6075
11155
7968
10296
2766
320
17752
5301
244
6253
5217
12057
17727
6784
13968
15243
12287
8150
7299
17261
12215
16710
4242
18378
14806
13882
14300
2614
7996
9904
1613
4301
14379
4917
16489
5125
2651
9460
3354
6177
1868
11911
781
9794
8606
16637
10500
14792
1615
8132
7642
213
4102
17391
16955
10976
17697
6289
2523
1449
1098
8227
12974
5176
17364
13327
10157
15261
1080
3256
17660
16536
9883
2325
10529
7550
16096
17676
9719
14319
10713
12114
1503
456
221
10671
9038
16116
859
4310
14084
4962
2220
17689
9565
7263
17899
14389
17858
12997
6611
16477
13648
8471
16809
12923
12788
1675
13114
14757
17060
11822
8579
5920
8207
795
14671
816
4581
15323
13676
5081
1296
12932
6197
9705
11756
11425
8866
7844
6450
7047
2783
7679
4512
10024
13653
10755
17477
914
7514
6033
3419
2730
5194
10700
8707
1124
13855
8747
613
12508
5093
15468
10864
3993
7507
5133
8284
9084
10715
13567
16381
5230
14214
3013
2898
4153
14069
8262
7019
2843
5168
13132
8971
498
811
14830
6461
11448
1462
11928
1471
15794
93
3165
16786
3522
1715
16508
1036
4329
5220
832
6219
17616
17037
10933
10291
12279
8100
2691
12782
13357
1192
18143
372
8649
10373
12159
10029
17390
4577
10778
8446
9427
12603
15145
15545
15578
4129
18392
15469
4839
13889
9727
12812
5877
7373
17848
11329
15319
6047
3154
17919
6516
11020
1040
7236
13981
14544
4047
4022
8685
3785
17504
8275
14767
4475
12471
9122
11997
4339
17846
9111
18456
6624
15930
16206
15712
7362
8645
154
7462
11598
4687
17411
1537
8899
4985
14613
8322
8102
10129
6164
5128
750
7614
11724
34
11722
13500
2896
16095
14688
4128
4390
6044
6560
5246
13531
3364
322
5074
5975
12170
13533
10209
2580
9033
11792
16062
14036
12628
10071
10585
4908
7940
10648
7743
17656
3732
2219
17943
12639
16440
6809
16246
12935
10593
8624
6717
3249
2002
4389
17714
18009
8621
15065
224
6401
2060
6653
1507
15340
8789
3610
11908
2499
2186
239
13803
16858
5033
13384
6108
4015
7907
17430
11300
931
17086
12702
15753
1674
6746
12340
2009
4842
14383
4836
4909
387
6495
3874
18322
12407
11309
11327
3226
7836
5114
12501
16126
11811
13411
15407
9484
8489
3370
8198
9920
16874
181
13704
13501
760
6914
14999
1194
12073
13012
3557
8498
11225
16122
15073
874
1768
12272
1311
8316
5704
11926
6724
9844
6881
7054
8103
12679
6403
7704
5468
4816
6228
11108
4248
9184
7352
7175
10459
8161
11382
4692
1065
14516
8862
4344
11199
7349
14188
10006
4473
4212
17500
5749
5129
12786
17726
3735
15437
18344
14478
13144
18236
7039
10266
18380
16817
9823
8770
10390
15690
2447
6977
1293
985
1732
13189
14948
12292
6025
12218
11190
3449
17539
2789
11879
9908
14625
3916
10251
12715
16768
6591
14855
11595
6478
4458
11932
3162
16380
3955
16009
14499
3416
2044
18195
11665
5866
13204
9252
16916
899
1787
7189
9580
11442
12517
989
376
9107
10994
16057
10405
16494
13758
16839
18370
16912
12237
12888
9149
6377
8777
11238
15831
10174
15032
2531
11739
14660
5740
8184
5242
5493
4114
11460
1832
764
7443
15840
5484
14622
9619
2457
16091
1427
13202
10613
5997
1738
11017
2096
8504
12729
17927
5455
15064
15365
10306
15757
13510
16537
13434
12148
10665
8538
13416
4081
17496
3511
9586
14189
10879
9042
249
16290
12915
3440
1545
5871
4031
11470
15101
14708
16207
17181
9454
991
15623
5660
7502
5977
7756
15851
3040
15863
8520
6702
6431
4705
13322
6734
7038
12649
12561
2575
14065
12929
8983
3577
8373
383
4342
17108
18150
4429
2585
17653
11829
5273
13964
8451
4951
1667
9408
4901
2041
6290
4395
3140
9442
13470
2862
1475
8801
10759
6519
4202
5843
2073
5804
4555
10912
11941
3196
1165
8088
17513
463
8121
15505
4399
2944
10207
17471
10797
13323
16024
16226
7325
10949
2662
15313
13837
11800
12705
8533
17044
4025
9964
12431
890
5959
3943
8496
8783
6704
14126
17996
11362
16391
926
10854
2599
9613
4661
10590
6167
11622
17350
4804
13565
6709
10333
9519
5480
1863
671
7309
17581
8732
7404
15304
882
8989
15291
9762
5822
17549
14601
13190
9131
14872
7017
1723
12966
3155
2935
15390
12579
6858
4840
1822
15083
1360
13822
17877
9292
17743
6299
10012
16478
6262
8492
16556
13973
2811
1343
7530
11969
9069
15529
15102
394
8141
1226
2456
7823
400
11208
4932
7332
3504
11058
9433
2497
2206
3724
13991
15111
11319
14843
2134
16707
7485
12992
13908
12720
14861
12627
421
929
153
12353
12586
4219
18043
5150
4738
13149
639
2512
759
8328
1041
18145
16615
3579
9021
10577
12414
487
10594
10541
17156
15925
4824
2487
158
5138
3150
13754
4642
3721
3863
8506
8516
15300
13458
8467
10649
14744
16018
16256
13086
10249
13656
13866
9174
16988
13876
3623
14970
16819
13377
877
6674
13871
9379
18100
5163
17441
16976
8556
4829
9919
9900
17080
1687
16362
1766
1725
5291
4852
9714
18116
4124
10131
6502
18102
1119
447
16193
9344
11410
17767
13318
18221
11580
2389
12025
3176
15030
12217
1782
481
4423
18439
568
7869
4697
9967
17058
672
3413
2093
14570
4232
980
6763
16449
6718
17721
928
4116
8148
10576
17357
4509
8625
15092
8421
14111
2623
13332
3283
4269
17161
5824
17804
1841
5906
9064
8735
15463
9588
17904
3130
17313
9185
14136
14822
2292
9652
4998
14335
1305
6679
331
15192
9086
14891
10709
16848
7063
16051
16333
12204
17052
15785
15494
18178
4641
5805
6771
14068
3020
8115
8620
12408
12477
12127
11893
1297
5925
961
2570
13879
16725
13208
16770
2736
11384
14118
18037
9160
17803
13528
13842
1188
16586
164
18035
6371
15969
1542
16175
8431
12678
5970
14775
10545
6604
17479
3487
5035
14022
4145
13640
32
15206
15506
10439
17972
14515
9077
17225
3037
822
4388
3425
8268
1441
18294
13557
16656
16043
1949
4375
11244
3753
7797
4470
16534
2029
9685
11949
17711
4666
15492
8476
2179
10749
308
3502
9477
3713
9036
18129
2450
16241
9205
2127
4106
14518
13667
18401
8523
1440
12135
12375
7911
2629
210
16330
7011
17933
15604
7759
5508
16191
8864
7178
9225
7972
16437
7059
6600
10298
11106
2086
6888
15876
2282
8313
13235
5531
2773
1090
14014
5071
16765
3918
12285
14896
2356
4279
10353
5823
17947
8014
1635
10706
634
776
2984
13826
10591
6136
9845
15929
9902
599
286
17016
5934
17954
17324
5239
4207
317
2598
11229
2955
7394
2883
3869
10121
417
14997
6915
2119
17650
7408
6161
14493
13200
14749
14299
2727
4571
15225
11455
10712
16155
15359
6764
4843
15433
17194
1064
8918
4569
15552
9590
5380
5634
17478
7413
14327
15284
7360
6398
11487
14488
1731
5780
13219
10992
9363
8745
18060
10964
3801
10075
11502
2317
15425
1695
15666
9330
3990
16810
4079
14096
14761
9522
5032
12510
9148
11742
10667
8691
18173
4197
17507
15926
3463
1769
3431
18061
5177
2960
13945
18306
14423
4720
1497
1275
7697
1385
9211
16554
6686
16214
11160
12445
7955
5023
15927
16272
9840
11189
2224
73
11015
15942
7060
7431
7106
8301
16476
16552
7293
13443
11704
11032
3068
14018
13651
7049
9769
107
6152
15328
17511
12540
10093
1808
13573
1963
10528
17942
9638
883
1474
10364
9216
9507
3857
7214
8360
7046
10360
10414
2254
14627
13503
18123
17014
573
7281
10808
16568
15931
7127
4871
14133
4831
5718
6234
5384
1987
3243
5425
6616
605
3227
6698
16728
10167
10747
278
11843
11682
3036
14083
268
7827
6766
12336
4004
6871
1482
4834
12410
9105
12092
7687
5592
8497
7120
5233
1344
11379
4262
10159
2888
1938
13576
3749
8358
10919
13019
17254
15740
8518
6903
9194
621
7883
16208
3056
1994
15152
14249
2184
10074
10058
16117
2574
14594
17065
10490
16486
13252
15363
12717
8943
16678
955
10739
2830
10773
8937
12191
10898
5121
1174
15846
12669
13045
16972
14195
3460
13570
9096
6937
5776
4628
2678
4968
626
126
17624
16555
17352
15672
17019
11560
15887
6479
4578
15013
17203
15877
14158
10037
8962
12429
5203
3410
57
5875
2379
9584
8951
4755
13932
14182
10042
587
16092
16669
8351
3135
12711
14442
1848
17957
8055
13518
14062
11322
15531
9118
9365
1995
17231
236
16913
8689
5385
16917
18153
7760
8900
10198
7724
12844
9765
8068
5605
16945
1
14180
7787
9636
4190
4001
5753
7551
2422
5386
7377
6126
17233
853
15007
18076
11257
9870
12770
483
533
14946
14571
341
17454
8774
4894
10988
5867
16267
17439
8399
10971
12052
17775
15590
1120
14219
6135
11112
13035
3175
10877
8018
5359
1097
7629
1559
8819
8505
11325
10533
2764
16278
9931
15490
10662
16454
1031
4513
127
9709
9267
12516
13850
6797
243
1899
15897
5328
10315
6330
18147
12084
3523
18246
19
7999
15167
4240
11439
1993
15109
17961
13797
2434
10820
6137
14825
7640
5349
4617
18122
574
1130
12016
11281
5353
615
1280
17809
7391
2289
12502
17831
5521
11954
17020
16970
13452
16721
13617
15601
4770
9070
10498
1911
16612
18361
15766
22
7566
4620
7089
6693
15561
10968
3910
4461
15060
200
10681
13692
679
12543
3744
5747
15106
17667
13333
17636
9049
10563
7533
7316
815
12401
1570
3305
7762
5105
13927
13669
17241
6636
13793
14495
1261
13930
14181
1748
176
4130
18162
3846
11778
1111
12318
3832
7243
6921
18427
7666
5518
8129
14311
11813
2217
17617
4884
8156
15121
15670
15188
8180
10869
3503
8297
10123
15992
13383
6722
14357
12426
14490
17527
15777
17488
17291
3726
15142
10059
2318
11071
16801
7416
11651
965
17590
13620
14906
17756
12650
13761
3409
7641
7821
9325
9594
9643
14090
11972
8082
3790
3050
11806
12924
12018
15642
1836
9955
18424
10066
9482
5332
4907
1672
14870
4801
7417
4256
11547
4963
11751
14575
6275
11296
13207
10142
15872
13260
6649
14798
16659
3348
9850
13550
9354
14599
8008
11286
5165
10675
8405
9550
10746
10386
17257
1847
12458
4905
14576
5759
6631
9598
360
9897
10312
16394
11973
12409
13471
7631
17654
8062
10428
12864
2977
11715
1952
13904
16165
5991
2535
8137
14733
17253
8513
14676
3351
13507
2277
2263
14
15172
10188
4833
4632
15126
3337
2011
2416
282
13373
11248
8612
14569
7048
3042
6934
9378
374
901
16216
11807
15000
9029
5299
9285
5950
10606
15580
9367
3342
16682
11520
16263
726
10397
6846
17922
12461
9520
6831
6815
17913
10571
11556
8031
2821
1167
9305
1664
17371
17921
11463
6794
13067
6314
11003
14583
15700
17679
17814
11098
10303
13753
17243
10052
10748
1579
10526
10098
15216
3671
9649
14097
17718
11706
2230
12438
14352
4785
18104
11551
7886
9723
6445
9672
16734
616
9676
6101
10104
16036
13243
3677
9356
18364
12275
16482
15403
3204
6122
962
9088
8950
17395
2967
17532
15908
2581
9961
5122
5170
8828
625
6854
10603
8274
7518
5288
12470
7668
15826
18188
12995
3065
8543
5209
3492
11521
2550
10166
1584
16102
16577
9233
13581
5669
8282
5865
1478
9269
10880
15116
5458
14504
742
10395
262
7029
6677
1095
17621
18239
13515
3250
14939
6898
2624
488
6200
13410
4479
5835
6757
17428
17570
1901
15856
2014
18412
16347
5274
10065
14007
2031
5216
7115
7425
16389
9104
10413
12064
2757
14764
6231
12774
16205
12200
3866
4442
7482
15525
6291
9925
5166
15509
17
17875
16222
4825
11966
7100
9204
13854
15917
15579
14439
12333
17523
4749
15295
5896
2738
3314
16359
4709
5279
13047
9016
8004
11789
13764
17606
12850
12054
3967
5073
10407
6882
16124
11266
12449
3254
17338
6531
10921
2330
16497
16947
11514
17810
14781
4117
14640
7318
1091
9349
711
5771
11923
246
922
10185
50
6287
3558
16446
4471
14452
4183
4928
15302
15137
11680
4805
13468
178
16429
10790
4304
12412
16691
3293
4439
4819
8052
16596
3097
2902
3038
1113
1112
552
8256
11049
8652
13815
3344
8704
15691
9317
9906
78
18325
14517
7780
8949
17455
1006
2762
7857
11925
9011
35
12646
15
2052
9139
4837
11402
17246
1950
4247
17104
1201
12622
7119
10262
3054
2641
9158
9574
662
10178
16089
11291
10642
4485
5221
2549
3996
17789
16907
976
13846
7617
3573
4539
9319
13584
5553
16035
14774
14441
12727
4849
6557
173
16412
10607
16444
12633
17871
3689
13678
2743
4744
12026
11386
2112
8499
5887
5470
12455
3141
7188
9453
2552
8580
16881
11052
16016
6610
10686
5881
435
11059
14250
8650
3266
15025
10547
6156
9872
8212
4704
18059
16747
12704
13387
14063
17784
8833
5436
18045
10520
3776
6838
5324
8502
8890
14094
17894
8463
7798
12033
12102
6464
3405
15421
5716
11948
9589
14209
1744
5052
14173
12838
7720
873
13274
12594
1177
7588
5884
15120
17269
7321
1826
18167
5103
555
5750
18374
8834
10531
17168
5078
18324
15082
6555
14295
10048
4758
731
16626
16399
15728
14782
10837
6413
7206
14828
11859
9193
1012
3260
659
1062
9570
2985
668
10224
17868
14785
18409
17967
2751
16979
17113
4327
13166
2266
17036
2442
16969
14756
2941
1369
15094
10255
5206
10565
16787
16676
10696
4645
3856
12041
10359
10454
5842
17560
15327
1240
1948
6225
10966
15520
18007
18282
17017
15272
9702
8323
7894
13064
4929
14629
15143
2860
10370
6998
593
6765
5655
252
9645
3937
11280
9188
8805
12007
11135
17123
6720
15477
3147
11933
7578
18146
15069
6090
12947
10063
2121
3264
59
10674
15320
7132
8820
13762
694
8987
18432
7938
7916
4856
3524
10043
1668
12672
6873
13625
1728
14042
16636
9390
9472
15651
2203
70
3834
15899
6301
2845
12612
18095
11188
1586
4869
5465
4524
12893
4603
4658
6532
1453
12293
7750
11299
17732
15404
14789
3063
12759
11372
13548
1263
6573
7129
11978
393
13674
1259
2343
4944
17129
18148
1242
18289
4516
6529
15960
4969
10212
16671
1839
16993
8182
8771
13450
10389
8280
1954
15629
12230
3751
17540
4221
13412
17176
9095
8003
10868
3479
266
13986
17300
12697
1907
5107
13563
14075
896
14929
16310
13719
15973
11567
14411
12623
1127
67
15125
8626
7696
5219
1400
8
923
8817
1367
9123
4078
1784
7334
9791
17369
6665
6488
14266
5443
15894
756
17120
8154
14339
12970
15605
9078
2469
16410
1228
8927
2250
5234
8283
17988
12221
3527
11584
5691
18068
889
11482
10101
2038
4971
2311
15727
175
3808
5812
13568
11758
16756
7719
16902
4943
5503
9012
747
12345
14823
12341
12547
15004
12416
16828
15783
9516
10698
10339
12912
1742
6713
16427
6129
1054
17032
13306
11823
11546
3133
6121
2192
11486
15882
10828
12803
10342
8604
14848
7967
13030
5016
17706
16404
9256
13259
8276
208
11227
7879
6783
10111
8975
4911
14630
6708
170
9796
16033
11495
4990
1758
5043
10918
8195
1953
7426
4400
15283
14290
15329
2942
17212
8374
13062
10800
8977
18022
4451
3457
9151
11745
5326
1442
550
9463
8174
7904
13324
18249
16867
1315
12779
14950
16588
16661
9338
17836
715
14448
13812
9308
7006
13048
1671
14940
17045
16621
7561
709
1135
1558
15680
2251
3219
17363
18315
4157
5941
2822
7427
2209
12307
15909
3334
10183
11298
7111
1620
15297
10608
13511
300
16405
9043
13900
3697
16647
15883
14292
11249
15797
4803
14810
8788
2290
5390
13389
2491
14628
1585
10344
5195
12228
15827
5757
8973
16800
632
5395
11522
7929
1515
11721
11004
11798
13542
2677
10388
12244
17154
3404
8039
8311
18355
3079
13883
4624
16140
6155
9749
12246
11963
2401
2551
9895
3022
9639
14947
7853
18356
3756
13790
12383
13080
6091
4096
9745
12635
14127
26
10345
3789
8611
11205
10835
16308
4359
8791
18296
11127
15002
7960
5302
10735
8545
3752
17939
7923
5029
8826
12376
12874
15278
369
9751
6585
10348
10669
14171
1838
6700
17235
6883
11935
11797
229
18127
11401
13668
7032
9624
11647
423
1520
1629
11445
8514
8790
2868
7589
10791
7219
1834
12708
6984
14004
7256
7238
3371
5433
14043
14019
8238
6284
1843
666
2148
12520
4402
14164
15022
11831
3820
14844
10929
5952
11824
4201
2252
2288
11345
384
11091
3028
14511
4778
10187
6864
16312
18447
15235
16047
7778
13217
4657
9223
18120
478
4631
2672
17828
4147
8098
475
12123
18086
766
6302
14770
11839
2189
4196
9393
7068
15362
6088
16128
6661
17552
17506
17422
2824
2918
17577
5550
13935
17232
11310
7421
14231
14827
18394
1827
11976
12688
14305
5322
8572
10539
14455
9833
6814
8554
8910
5491
2445
17320
13157
787
14598
6366
7601
12248
10822
6506
5213
5705
5345
16056
10751
5151
7715
9074
17760
14386
4171
5954
4330
15955
14028
14145
4273
13962
2344
12686
8969
7898
13594
9728
17067
5603
12280
15884
3310
11260
18458
3212
6689
820
18134
2088
15665
15376
6079
14933
14663
9743
14753
1491
13168
12314
2218
16100
4346
17004
15037
4268
16551
12081
15653
5062
3701
87
9243
15131
12349
7654
16755
3777
15951
11211
2215
2131
10853
18300
5135
14020
5008
8433
4383
7901
17138
9438
2158
10332
3975
7698
16982
12882
3289
2074
13014
4630
17724
12636
17619
3546
13925
4259
4902
5285
16986
5494
15164
13356
5696
16254
2622
3313
7546
12853
3324
13782
3950
15813
17134
11738
11140
2382
9632
8263
4781
14589
182
12291
11607
1722
18297
13331
14336
4753
13249
9560
3720
4432
7542
1681
14058
7997
6643
15855
9773
7636
8041
15091
201
63
7320
9998
1460
15765
3208
12574
2505
8917
8524
12999
9506
11048
814
3678
15717
4959
17582
14276
1183
2109
10026
16569
10286
3852
2171
16797
9513
3125
12322
13221
17145
12297
6163
15026
4316
15566
13206
17765
7783
1630
7136
4424
10161
209
10582
16506
4776
8189
10281
17520
15485
11621
202
3824
1278
5701
9063
14787
16039
2080
4391
17844
6904
17915
14474
13291
13437
7628
6538
13747
14200
5541
5040
16607
14398
8177
17223
16871
2900
4807
12784
3723
16058
4172
16213
5427
13553
8780
17379
2906
2578
7513
14148
2688
2893
1058
13308
9667
6503
14853
7212
11126
6463
4371
16293
3372
16910
4644
13061
16901
307
17612
388
15288
9058
2926
600
8329
14505
10116
575
15052
14390
1317
783
17401
6355
9010
5392
15636
11169
6607
12186
5853
4465
17244
761
5499
2433
9334
15656
8590
12982
7396
1052
11740
15816
18190
9371
17559
4895
5639
2293
14866
8690
2612
16215
13201
12403
5746
11145
4718
15148
11196
8067
11920
6179
10321
2231
17920
4396
8578
13266
10843
8633
3365
9283
2176
16548
9413
3333
16930
4446
8053
510
1840
2954
4626
14026
11198
5482
13731
1299
4691
11530
2118
1079
16212
1077
7275
3295
12399
12128
8219
14586
3690
17056
9261
5314
11509
7914
699
6759
9721
10038
13022
6221
7794
1003
17484
16724
1103
6920
9384
1223
12096
17840
8378
7931
7619
1964
10637
14801
17834
17119
15639
1524
3186
11979
12956
8286
13845
4605
8798
7371
1844
8080
16348
11526
1502
12354
903
3729
15394
16624
14453
5825
14525
5738
4700
16073
17501
14385
16613
9213
9001
6801
16898
11962
7749
17524
8766
17547
5609
9681
12621
12879
10438
5578
5323
14008
773
13339
3105
5083
4751
5619
10730
11851
5614
3136
6411
13481
4049
15555
713
2593
11872
15832
5406
8167
10614
8778
1869
9778
545
2848
17862
12392
12158
10599
76
3815
16708
6381
3867
12589
10596
14370
880
12772
16823
8607
2471
8883
10518
4119
10621
2595
91
16737
409
11796
15519
4542
14425
11699
13336
3164
7342
4188
12948
12302
13738
8588
7418
10260
9003
8559
6040
1418
11671
5971
16281
12967
3402
17979
4393
16984
13961
6449
3794
6911
7305
14169
8738
6080
17073
12400
15476
13848
18417
2734
3540
11349
4430
12359
9141
17220
13148
1673
9159
16698
770
14288
2513
18414
3947
16876
17998
3376
10998
16775
14687
3025
9935
11224
10215
6455
6060
14642
13601
12122
5880
12113
3383
6676
13912
10088
12921
7018
7737
96
5808
2354
3919
12161
6919
3485
13319
1621
11428
2069
1327
8147
7924
9860
11465
17267
1244
13362
8698
9857
1326
4017
11732
162
3567
15159
1433
15445
3393
17159
13264
4958
15562
12115
9208
7870
8660
15971
2915
17015
12382
12790
11326
1532
11858
8880
13439
3178
9239
7375
1518
11761
1352
5251
8751
2786
13963
2718
7052
8258
17587
17673
15551
8436
1237
11184
12699
9218
15255
13483
1309
13810
10393
11861
18362
4606
15055
18255
6426
14612
7947
12168
15460
5917
15577
12377
194
12206
12831
9927
6162
4551
12323
7795
8911
2714
9313
16746
14897
4455
14738
2980
12143
790
16949
13407
7959
12990
9703
419
17623
3936
3114
3925
1325
11503
4544
8583
13085
6470
5157
6089
6706
11089
6147
16911
10911
17854
10240
12735
1947
17149
14975
12321
3450
235
4499
9987
5317
1035
7658
16368
4817
1580
3397
9258
5447
10731
14247
14463
16255
17115
5570
13956
6465
1560
10221
14877
3172
15617
4865
971
6518
10078
353
12645
13893
2974
5231
12721
4333
3064
4315
11685
9869
11215
1030
12773
7000
14204
9634
11575
17533
1205
10523
14835
10805
6334
12058
11703
10084
2701
6484
4961
25
12827
8873
9133
13176
5585
2796
1845
8877
4915
340
7040
2591
1168
14864
17418
4013
11204
17255
2483
12257
16291
2912
6778
18465
16897
2725
4059
4238
14117
13482
6469
4293
9542
14371
14760
12585
8796
15581
3971
2877
8760
10217
11750
1823
17503
6936
15861
15849
16604
13292
5719
17829
3057
7740
6840
17277
18069
12681
12208
5479
15793
17671
18466
8001
12068
1202
17288
14354
9772
2253
11334
17596
14146
14935
8044
18376
8848
16543
11479
191
5927
3083
3757
13851
13440
2485
3106
11222
12027
12088
8934
3302
14394
10793
10310
12684
3552
215
5886
6688
10567
9369
4862
18071
9682
6549
10907
17031
10457
13390
18062
11321
7900
1713
1797
2752
10096
12978
1338
3673
8809
13036
8308
14859
12402
11995
7731
14473
2296
8202
346
9307
2351
3258
5833
6707
85
14258
11840
719
14545
16846
3400
4167
5820
10914
10376
2922
17925
14566
6621
3840
11518
1009
1380
12110
15358
9286
4999
9395
11710
1063
8814
7785
12083
16447
15493
18336
5119
13856
18201
6473
15673
4659
1979
7340
4993
14309
4150
7534
11289
2350
2582
11055
9873
7969
10572
12015
10415
16565
13025
5623
14428
418
9647
12243
1277
6965
13453
1336
2709
3201
11247
11207
12747
17733
12899
11464
7464
13467
1574
4409
9585
12317
8659
919
3508
6310
3561
4706
6305
6842
11496
10695
12861
10516
834
8922
357
12538
12723
7442
13273
9630
206
14639
2050
5336
13814
12339
17936
7050
11341
9447
12776
9022
11848
16273
9467
4814
6528
6011
8327
2755
9288
4556
13100
7386
13170
2476
805
10612
12260
14610
10285
11453
11993
17575
1552
10861
4374
13013
171
7937
1084
4954
5758
12968
10605
5505
15380
354
3232
8410
10928
14130
4681
18011
17000
9577
1547
16831
10222
13018
11210
16579
3108
10318
3461
11426
2874
16992
14109
6849
7295
13017
5305
12415
6084
3000
17987
647
2283
9217
4667
13267
12507
7742
6731
4722
8290
7411
13451
7465
4064
9795
4270
9841
3598
14089
3291
16695
9430
2780
14734
14121
9707
8267
650
336
3774
12876
4887
4914
58
11826
10219
14313
15805
3830
7909
9899
1072
3338
15724
11404
17948
2741
4276
11285
11185
8571
14500
17356
10002
4933
11186
15341
7389
6201
16933
17306
15153
16741
13919
9361
9109
13330
10422
9874
15530
16892
11617
12342
11629
112
14829
2995
7736
6796
16352
6193
46
14619
8490
6566
9711
9416
18054
4608
10905
1435
18119
10792
6008
15352
7191
5028
6548
3611
17416
7419
2720
16258
12448
7665
6183
4166
5145
6521
17620
7930
14344
17625
160
14318
17406
994
10228
6083
6825
10940
6409
1477
2835
10267
8023
12296
9911
9992
9515
12815
6313
3525
9050
7486
10494
11193
14857
2058
11917
7902
2226
8158
13486
8721
135
999
13240
5271
2536
5689
15334
1004
2378
12804
18012
9392
1048
6853
11828
8208
8562
16716
14267
14303
7110
17126
17565
8881
6714
14904
17295
9748
6232
16083
17893
2832
18101
13134
4809
17248
3472
123
403
6069
17446
14375
8512
292
10351
4742
14003
16320
13529
6511
17311
2588
15402
1488
5018
15792
16167
4419
7248
5792
277
8163
15708
3225
18395
7402
16732
588
13213
9740
8472
16464
484
4734
12350
6726
4360
17301
17490
16326
14278
8904
9428
12749
4600
16178
13750
5565
12657
5253
18214
8007
12658
17111
646
15956
4325
4947
6415
8644
14343
6901
10967
11233
13659
5003
15983
18437
951
10762
10915
618
4294
10410
7936
8700
18142
16750
7353
17593
3271
2617
17548
3129
1420
17645
5777
8400
2516
12564
13934
1426
7532
16653
1252
14548
4688
2256
14794
14901
6856
15379
5703
1555
29
10587
1173
861
6109
6847
7314
3819
14406
9176
6800
12254
4566
17781
8215
10767
2444
7980
9024
16082
18110
15051
3695
9694
18168
3965
9304
14091
13265
13828
3962
4844
10320
14769
3956
4678
4649
3039
1179
10402
12151
274
15940
1362
7420
16539
6118
342
10171
12758
8829
9142
17095
15873
3290
12931
15906
14914
8558
16421
8648
8051
544
14531
3754
15123
13632
8278
12532
17592
11768
10538
92
7222
12207
5080
11881
14449
18219
9323
15920
2490
9162
12998
13894
3322
12331
14191
2405
2968
9426
3217
15902
6139
17375
5908
16792
5058
15378
14139
8797
5306
12515
627
13735
8466
14703
4615
18089
17435
9219
15947
9000
3408
8027
15294
7948
15348
6697
10809
3778
2827
6641
7080
18093
7545
512
11820
2646
11371
5969
14053
8457
15710
1970
16882
3883
11157
16201
9031
4069
11220
18207
8725
8145
2415
1390
10471
5601
14353
17630
11373
1623
10253
8966
2312
12277
101
3428
5667
8507
6294
15347
18481
12637
13683
5595
8442
3578
5574
4931
3127
14438
11661
3983
16994
733
137
338
13182
14695
9388
1533
15298
6490
13296
6335
8808
11676
11491
8005
3985
3353
2345
16008
14988
6278
13774
6729
12133
1472
15454
5034
11576
8521
4463
863
10234
18348
5611
16697
10150
4534
11563
13427
15879
4118
11274
9080
306
8381
5837
15810
3221
5870
4107
7963
17090
4966
638
17929
3398
7764
5260
11890
17336
12183
18291
10833
12105
4435
2168
3161
18304
4980
18478
1676
3046
6803
15994
823
15447
2019
1013
6061
7279
9813
13203
3556
18369
16714
10229
7873
13740
28
5007
8185
2130
17960
12764
7616
11817
1479
10934
11473
3214
1576
12258
7868
11733
590
11149
7172
12205
10023
7689
14634
3218
15080
10602
3638
18284
12500
10243
4651
11927
13298
4438
10458
407
1850
6487
1617
4832
8341
2303
2472
16526
9202
7690
5173
5878
9487
13569
14489
10716
2393
9603
8850
4564
17307
5031
16670
16471
3811
13663
8465
18152
440
5599
9583
2675
9127
10693
15343
595
2546
14938
9551
4338
16200
17452
9125
7123
16138
15114
3429
2265
2992
7207
8532
17890
13248
14407
6009
4286
53
7249
6132
11493
3223
14414
18218
10274
17703
9051
5764
6316
1008
15308
13960
18259
7173
3436
10365
12961
4595
15610
15484
7382
4209
2859
174
16865
13950
7221
17677
10646
6014
12881
1329
9990
2958
9552
14851
9320
4011
2638
18245
10227
10293
17458
2544
12202
6064
18402
6460
5381
14768
6251
2908
11663
13404
11889
8093
7444
14017
3970
125
3739
13457
5435
11821
4324
116
7088
8478
2991
6340
8456
10302
10346
12169
8731
15568
18333
4071
17200
15542
5913
9944
314
10562
14443
4919
12957
6855
7635
18074
8675
13343
5055
14155
13461
5873
8034
7733
17613
11748
16931
7020
15090
18442
13106
18474
7748
1463
4080
9775
7585
11637
11253
10810
2314
1028
6666
16675
17821
7099
11488
15586
16808
12993
14363
7808
743
4518
10177
14554
12969
8233
12363
4648
707
12256
1310
3986
1319
14103
7920
16594
14597
7608
10631
6071
6367
15095
13878
7278
14621
11708
3734
4154
3392
6029
5210
3273
3822
8119
15274
5442
10478
1879
11517
10280
2202
2243
13877
8697
3199
11586
4567
9774
11760
12996
2778
11147
8552
3670
2056
4514
14655
4585
2763
11031
17013
7370
13577
11856
10335
9901
5303
2132
8009
8782
8253
5774
1794
11443
7653
10549
10973
675
18337
10223
4443
5065
11711
12859
6580
6041
2814
17879
6005
17205
10173
5038
14715
5752
4876
1086
10638
8741
12187
69
14447
17762
17531
4010
17990
13974
6094
5149
17280
10553
11741
13310
969
3152
18373
5641
17293
1456
6067
1094
17421
10745
13280
11092
3061
1926
17027
8366
1027
4997
7167
16173
15208
7267
15078
7770
12193
2782
4366
18352
5367
5629
4900
7990
11421
18299
763
1480
2947
8015
4277
3733
9660
1692
9687
5699
16983
10975
18312
4139
10592
12174
3813
6537
17136
8642
1736
4113
15569
6877
17564
1423
17309
6608
13135
12606
12652
2375
11311
8299
5030
13672
15790
16834
8030
14603
2706
11536
2816
13009
11697
10433
2115
3709
5223
561
16145
1809
10119
3211
943
1096
9670
8125
7849
14604
13056
1267
6969
18467
13689
15791
1492
3551
12095
10205
9437
13720
14943
2857
2361
7672
5388
1306
9108
12343
14225
15119
3451
9150
1050
10340
6515
4085
12250
2982
8440
12810
13479
1706
10786
15787
6542
8228
3533
9129
12056
6391
16236
14648
8462
11695
2308
13320
14788
17366
9612
1652
2427
12476
7476
2199
8236
5147
4759
17558
15584
1935
10895
3995
2532
6970
11918
3406
7467
1760
7002
6887
2717
16514
327
13090
727
9934
9644
8891
5091
16505
6715
4529
4574
6125
18287
14657
11214
3394
6539
5670
15084
1920
2271
13299
9311
4510
8638
16667
14926
9327
16914
16650
11069
4904
10622
8175
1251
5106
10647
2298
12839
9249
3531
14285
13727
4090
15922
5760
14993
14921
6985
2300
9226
5754
16622
3696
17251
2430
12875
7739
6263
6780
5146
532
10476
11885
18438
7604
12423
16507
8564
404
7850
15716
9730
8064
2257
9295
5378
5186
3612
3560
5001
17489
16063
16690
10105
16400
1158
7153
3538
15449
6255
7160
15557
13875
15413
16461
17786
12203
13936
17100
3483
8043
13028
1357
15843
10855
18476
5069
3614
12079
5644
14001
14572
13399
8584
10726
8135
12696
8616
10341
5856
6372
16946
11833
8715
3951
16040
3624
5341
13723
13441
7673
17323
2533
14989
14941
12253
9856
12890
1286
12146
8534
8542
1301
2174
3949
12513
6582
17112
3151
16872
16415
11181
2747
13830
3945
17465
10564
9605
6625
217
5131
13725
17141
1752
5966
9864
8593
4046
7233
6341
18411
15599
11046
15650
3580
10816
4540
10956
11480
8726
17487
12911
11420
15806
15800
10728
6373
16974
16147
4903
13909
17039
3868
4754
9326
791
16325
17892
10040
1697
6501
17148
1932
15199
11037
2081
15049
6787
8324
17259
17347
1391
4521
8319
7549
5602
10990
15795
12167
9787
17991
14132
3810
6114
1978
7912
6012
8398
16007
13551
17131
1588
9346
12308
6111
18194
9302
17600
14647
14384
4112
11670
12719
8138
8229
13714
16630
2794
13300
14808
17443
3549
16722
14890
10584
5214
7113
17720
14183
14048
17542
8684
16020
7765
2488
14431
1289
17795
1858
6174
12751
13442
862
13789
9165
7867
13238
12554
11027
9631
745
10807
4087
11504
1946
3530
11219
18029
16542
52
11994
12156
14120
17286
7200
13545
11799
8019
10962
16030
12748
13230
2642
3637
7554
18371
5572
2765
8537
36
10711
15564
18096
2208
18161
945
1157
1335
7984
16158
1909
406
1505
1813
13139
8335
14591
12338
6510
16204
1936
12485
17822
5430
5100
15514
8501
11707
14893
1568
10724
16090
4942
1057
749
5529
14538
17519
16151
4141
4582
2033
11011
6910
3672
8541
1109
12945
18010
4217
9862
16822
9124
16168
825
16026
4467
14790
14816
11705
12030
1754
5563
11153
3636
10685
13155
14840
11662
1590
7613
15176
7301
8012
18118
5297
9396
1959
416
11367
8416
3607
7754
11510
15422
17195
11010
9350
18149
18126
8026
17806
193
17748
4773
15391
14836
12447
4497
15895
18203
15067
14308
3053
16873
15317
14206
4930
9247
1108
9538
11862
15528
12842
2724
17062
16401
2740
12497
17759
15312
8357
368
15395
1662
13293
13277
7887
2036
10231
14845
15858
12989
397
16862
14418
7648
1500
7623
9207
11095
10623
11845
10534
4206
11166
16533
4584
4808
5178
8114
13414
11226
7501
16053
5527
3443
17066
3984
14747
9037
6003
16271
7074
2062
16877
14475
13209
3488
13526
11570
12743
337
14992
272
12768
15263
4014
11277
4164
3860
477
12975
13760
2129
13506
16761
10343
5571
5659
17057
5037
1384
1733
11107
655
12037
8010
1763
14167
12617
2338
7035
14563
1561
1788
4813
14937
14911
16589
11315
14190
3781
15027
8757
10942
14585
1862
6640
11403
16662
17222
5905
8734
3568
12676
12795
2739
16064
10424
7498
13767
15760
15516
4250
11910
1596
12746
15410
16688
12190
7861
3205
4110
18004
2262
13129
7304
6348
8157
7399
9759
5515
17586
5993
10095
9965
17007
11228
16142
9245
3765
14011
6701
10488
1340
4058
1005
13133
10138
6150
8802
10996
12236
7466
865
8072
2962
6140
13517
3459
13718
5548
11301
6332
17245
3582
12262
12553
11072
7747
4208
524
4875
6992
12444
16655
6615
17475
5978
13359
15311
1996
9757
5573
16346
7410
13931
9646
16601
11603
6848
4051
17827
12846
15945
11863
17907
8952
13143
7851
10655
13438
14990
17485
10683
18429
14408
1598
7230
16386
15056
12370
8178
10218
8825
5510
17970
11924
10273
17941
1783
12734
6457
16418
3357
13251
7605
11775
13694
6738
15332
17746
11515
14427
7348
8162
492
1849
4572
3898
16791
1443
5898
18377
14197
10522
1649
8293
3799
14142
15900
11876
9479
8706
9370
4602
3699
17757
7013
13142
5075
9068
16545
1285
14403
7003
11950
4411
15619
4812
12896
14218
17963
7957
187
2032
2929
12802
5189
10094
16209
11043
10953
11730
11749
10145
15351
5095
8483
1741
14101
12664
8176
16013
5545
10876
3490
8555
7480
17328
9528
4543
9028
16908
14329
2111
8637
497
8628
7952
9767
8550
12040
3625
7262
9662
18032
10097
6824
17410
7927
7618
15866
2332
12144
8528
2380
8220
17164
2185
276
5926
17717
95
6148
14012
9057
2147
17133
1374
18033
6327
1639
9045
3565
1069
4152
14485
7242
7553
3784
6802
5631
5473
14029
426
601
6157
13350
13721
10634
11116
7678
5982
7935
11947
16890
12545
11537
16105
10011
15597
14520
15999
16420
16106
6638
17994
15338
16227
5576
5057
10574
8393
5860
18397
9135
2233
1852
17187
570
4995
2937
10844
15544
9618
6053
16419
5375
6827
732
16196
6966
5354
14186
12177
6249
17705
10872
11531
10900
10380
12042
17271
5333
16614
5618
2366
16513
4646
14358
2791
2792
1616
15086
14637
6297
66
6575
1795
11725
14297
11142
5343
15948
13711
11619
13532
5700
13250
6505
3643
9809
15008
17608
18081
15128
9423
14934
18475
1473
16161
4888
651
3960
13784
2597
7766
1402
13544
3143
7148
1291
2742
7813
8785
4590
4245
14994
12536
10561
2547
16666
14479
11066
7806
8450
10452
16334
6949
13798
355
6683
16049
18307
5938
11866
10258
5257
5438
4587
5188
6524
17276
6354
6513
4580
10974
5348
17923
8048
2865
18220
12821
7073
13583
5193
5733
18136
14176
5813
18121
13398
3872
1429
7768
196
13825
1751
373
5911
7872
6581
15442
16496
1298
11683
2907
3941
7124
2683
14212
13257
11467
14705
767
15966
2295
6973
7634
15211
7543
12522
16813
12607
11743
8868
13236
1276
1819
5980
16443
5255
3722
12951
17878
12897
4727
16512
8396
3899
2089
9015
4981
17365
8376
8714
17953
11132
10885
11519
10469
3180
13994
8143
8164
16434
11391
6031
16093
10172
5693
10952
10763
11888
9132
13316
4065
2047
8855
9834
2048
1150
754
142
12542
11375
7459
381
11633
11075
2844
10941
7187
6716
3423
4267
15880
16595
94
14397
6274
18405
5923
16179
7646
14689
3725
12757
17819
4233
14968
9409
746
5566
730
12775
15916
998
13015
1370
14879
14724
9852
598
3705
8429
16769
6523
11084
7525
8724
16220
10630
17509
13645
954
15457
3024
12962
4191
4486
1718
3877
7945
6324
11088
11355
17425
16422
9858
4261
13783
8420
16249
4793
1884
16150
2676
3805
6886
13382
16156
12038
15772
4135
16627
16718
2128
3938
2016
3069
4068
10503
17378
13589
8105
13819
17381
13371
103
17975
7310
17384
13543
12082
17561
3664
6819
981
15924
6779
8957
9268
7609
5434
15501
7639
1699
17779
6772
17646
8249
12119
5117
16598
3486
16700
18446
10727
9544
15254
5728
2177
2429
967
14745
15652
4253
8815
10595
1694
18051
5712
9814
15251
3633
11656
18331
15031
9079
3875
2921
17780
6352
13897
7176
9802
16495
10737
8460
2246
18137
5401
17341
12724
5142
11541
17889
4033
12566
10777
10875
13449
1110
18419
15852
1147
14446
2750
15984
3276
6023
11635
9473
10067
1882
14812
16668
2067
9270
15215
10122
16964
11261
4385
14868
16279
16250
12482
5017
12706
6066
10722
1624
17952
12384
10010
1933
2390
8574
6782
321
15416
15632
11654
845
7328
1238
5486
10544
1055
2063
14391
680
5087
4874
12264
6695
16340
3445
8963
17585
6393
15508
3931
13084
14330
693
3980
11269
8530
4298
2453
5243
5192
6380
9478
830
537
11462
17034
7606
4421
13944
6569
14401
6319
17734
17382
12778
11968
14050
12440
10867
14523
14426
6613
17071
1686
18048
13303
1247
5224
12892
11623
7211
9020
9316
6097
14107
8602
11764
17368
5409
10987
17525
5976
1270
14059
5266
7208
18326
2455
7387
11542
8054
15220
9214
9698
7014
17318
6492
3520
9865
15959
11397
2666
3003
347
3179
9432
17402
7151
13661
13388
11340
8999
7611
13965
10640
13419
12614
1308
13386
15737
9085
7978
7469
10983
13771
13844
13788
16638
3635
3008
2521
11986
11279
6745
17343
808
2674
7627
5845
82
8632
4670
17002
6891
442
5226
4611
16005
5472
3601
13665
4477
4647
1100
7428
90
18138
9448
8956
13660
10922
15815
3173
16274
6207
10467
115
4948
11194
10546
3323
10908
2021
6517
3998
6006
7626
5983
7591
6286
17674
18311
16816
938
3627
11673
12598
2245
16357
4488
16838
15841
13153
17183
17751
11062
5361
6399
12703
10429
16456
13109
521
7388
11666
15205
1976
8676
14698
1229
15802
15648
4203
4830
2891
14838
8216
5779
14268
15048
12152
14047
10850
6547
7253
5582
6369
6550
9947
9699
7053
3300
7055
9113
9145
14960
17696
12173
15471
4619
1657
16370
936
3467
14034
1196
9002
1540
13164
2729
5944
14458
13465
16978
14632
10027
11087
17335
16350
9726
4847
6974
16837
14086
11511
1037
3800
11783
12716
13244
18052
12780
17122
11141
7363
12420
665
16966
9065
15371
12358
7539
16632
16625
1415
16034
2426
3414
10806
6189
10871
7415
17144
2163
8292
17584
9557
5785
2855
14150
9690
2286
14392
12619
13394
219
11316
382
3058
11265
16066
5197
881
9177
18067
17353
13224
12235
17648
8252
977
2989
8677
11085
7746
1805
16424
7521
4677
1016
9836
8587
344
6507
16562
7144
9887
17163
7125
10753
3792
6929
14636
10783
5697
2376
7240
13485
17202
4964
17534
6628
6342
6692
18187
2808
1812
7630
1940
13989
17510
13892
7481
6077
14166
3126
12242
3609
14274
18057
8894
8204
10530
17043
5883
17928
10128
10756
7818
13598
14235
3775
13838
15190
14578
18302
15017
5360
13
8947
263
10903
15709
5828
13996
1516
8998
4565
14194
12848
18389
2285
7562
13023
4156
2807
1878
15838
636
4594
18226
8383
15250
8459
13749
10404
6444
5744
8151
13608
5650
8188
11588
14924
1912
12560
10338
14241
10781
1134
3881
17387
18343
5076
11050
3730
14460
11255
7933
1250
7547
7761
13999
9485
11899
10659
2146
14165
15268
5930
9517
3317
14717
12833
16940
1383
5960
2951
4005
2775
7379
3360
5841
16492
4314
45
16339
7069
5340
3138
10461
17949
14464
14106
11290
6241
12583
12361
15842
4356
3796
2603
4733
9232
16170
3698
8865
10213
434
10890
12309
9530
12364
2933
11137
12310
9526
15612
13588
17289
9192
5708
14519
27
6563
2223
2207
7451
2371
8561
10118
15296
10598
469
10109
12222
7773
4143
413
14998
611
10324
15626
18144
1818
5663
16300
10474
3886
4345
7833
9658
13372
7956
14233
14746
15097
8946
11278
17959
5547
12920
4978
7726
17701
1200
11073
8069
5921
12805
3786
3978
14198
13631
16844
17279
13337
10479
1567
1051
5461
10465
2803
13365
3228
891
12397
13008
4940
3674
11489
6130
768
14000
8038
15803
15028
12922
6742
7950
14796
3953
7580
283
2943
15464
16677
17545
4796
11912
16199
15012
2682
9241
16927
11006
1260
10456
6545
8598
7711
5632
17735
13402
431
6805
11061
14860
10514
12918
5047
4986
5180
16665
10666
824
17127
1939
2467
4381
12818
9076
13046
6552
8519
8703
16782
660
7016
9604
8670
7676
8909
12199
3128
15455
16485
13717
143
9005
4189
17247
14876
1990
5642
4030
14780
17388
6388
2213
1729
14161
18471
41
6276
17070
18182
6103
7755
15006
957
1428
12511
10814
375
902
14032
11953
5371
11165
2640
15689
1314
9144
10597
15989
16319
1066
13000
18359
16997
15241
1910
2649
10830
13113
17444
16398
12991
6735
8273
15398
8035
9136
3969
11838
4664
2934
8384
14160
8000
9073
3420
4806
11960
8244
1436
2987
7727
4484
2157
14074
7961
17321
8206
2833
3296
10838
10008
1163
546
17611
13401
1268
9882
7473
14472
6239
5798
17198
10959
7866
16906
13289
9688
18461
15076
6357
3491
1455
549
2767
13082
17106
13737
1792
7891
6477
17908
2468
12185
4027
6383
6496
11331
11336
3374
10362
3566
3268
4193
390
1056
4597
15779
8060
9704
493
12744
4387
13211
5419
12469
7590
12252
6504
11552
12162
5116
8425
17601
16833
14551
1541
2829
13024
4176
1164
13585
10663
765
16114
15875
5786
11769
4159
8348
12301
13741
9894
10798
9055
7730
8050
14804
10196
16442
14731
9537
169
1929
65
10031
4060
12954
3588
17794
17171
17351
18030
14957
18211
1602
1660
3727
17436
2520
9431
2998
11308
8482
4867
3041
13276
6525
17693
13042
14985
10225
2831
11606
3716
8925
9287
4457
11528
11047
1217
6215
9182
9173
12405
7801
1053
7683
1619
496
15470
8223
7150
15742
3495
13136
14388
18164
12125
5110
11675
2342
11735
14255
6837
1155
15218
17029
10350
7493
10979
9274
16459
5020
7315
12442
14631
2627
11086
11689
16245
10334
11650
3407
351
17348
7826
17516
2462
17190
3309
3509
11263
11618
16642
8454
2503
7885
17736
9495
5066
15377
8310
18080
7802
6642
6222
9434
4163
3644
8548
8634
13954
2030
14534
2065
8139
3234
3320
7944
14536
3514
8843
11356
8386
10050
17178
13128
15099
10100
1892
10951
4511
12129
14334
6721
2798
11201
16528
7010
17658
7946
3783
3033
15184
6553
17926
3091
17344
7536
8095
13397
14476
11793
9014
12300
16720
7289
18272
11276
1530
14831
16519
6235
4745
6572
11033
7713
6113
913
3706
17842
13173
4394
5939
9195
10441
11919
1143
5580
16570
17993
15369
1633
7300
242
16112
6293
9861
104
10970
15415
12571
9422
15077
12895
12732
5013
18295
6993
4450
17140
14366
1071
13887
10056
2151
14945
9661
6522
4855
13058
17101
8455
9945
9817
14315
11832
385
14185
17285
13421
49
6238
12140
13778
7973
17891
9555
15921
16893
10848
8730
3605
9290
3982
3901
14752
3299
664
15862
10508
6483
10723
4586
11961
579
17196
9224
9212
9383
17329
6074
13595
10179
1719
12976
15066
17974
12075
8912
14616
2495
13433
4126
2051
1885
2788
7168
7026
3831
17340
2916
13504
11212
8024
15020
12396
15703
6124
13335
10411
8792
3702
12472
3942
11064
299
17139
12593
5643
5994
17299
15487
17508
3294
3366
4131
12198
2454
16375
10383
324
577
4669
9892
2335
8033
5319
11494
13096
468
9974
5850
1321
9303
13698
10788
7070
10883
223
2799
16297
9606
7593
17470
13905
5683
8816
3355
15397
7198
17453
11209
6406
14304
1877
14483
14958
3845
14108
5169
14263
13432
12835
8269
11612
11317
2287
6574
1043
3589
18002
2771
5504
2618
898
18285
10387
2731
10550
2685
13338
12725
11830
12902
8083
12299
2826
47
13602
17937
8718
18050
6347
3544
7235
4710
16830
6622
8199
3849
8380
18431
1785
15678
3403
7822
11720
1365
13913
4158
15156
6211
14528
13898
4214
15135
14952
11529
12074
2242
9720
14735
18198
7718
4601
596
3583
9596
11393
11024
17728
14205
9452
18391
1146
17396
15674
6020
6311
6281
16247
8653
5457
13305
10180
16342
3908
10902
16516
9684
527
17909
10758
18275
3073
17997
14382
16749
5068
3836
4629
10626
9664
5909
18283
5307
10527
4121
6630
13163
9246
9855
11590
8065
2432
3095
10641
6884
1389
13662
15511
17627
2142
17061
1764
14527
17643
17965
43
7336
4502
12142
2704
4866
16644
13430
2813
7921
18421
10714
15393
10466
16926
17637
15996
144
1665
10916
12381
13987
15061
15434
2819
55
3616
13940
13111
13861
15912
14045
11772
988
9995
18109
4416
6845
15798
15780
10181
6298
16121
4838
14590
10385
10619
15036
8123
8832
17182
1703
11129
16184
11939
228
269
17297
1060
7447
13736
15918
17872
9457
17633
16509
14514
8822
12894
6325
3224
328
17419
6875
2046
4007
1855
6533
9040
8709
1284
11130
2511
13739
5652
960
15085
9591
5140
8836
15420
6339
12418
14574
17678
12984
12841
6579
8144
5790
16289
7504
7897
5346
13325
16777
18055
16261
9092
4728
963
1550
4029
1861
4425
17370
9556
9465
11081
12282
5467
4764
4625
10840
3841
13834
12304
7324
5945
16285
1521
7330
3051
3629
13880
3286
13073
1288
9265
16925
5895
7251
4255
18420
1461
11524
7830
10660
11164
3656
18099
4956
14699
14850
15458
13352
13391
14503
11082
11123
15868
8517
2735
4386
8608
8226
14434
528
3395
15480
7888
17551
3897
4505
7478
11991
3708
1366
5827
10847
10512
5690
11078
14282
12872
9322
5564
11363
15998
13491
18208
14881
9973
18225
7164
2020
4873
10437
674
1526
10760
2255
16758
1563
8936
704
4906
8804
9169
11719
4996
6000
8063
9885
15098
11886
5589
5067
12378
88
3889
6248
14549
12662
2331
5737
12406
7880
1897
15286
843
14196
8037
18462
188
16
9564
5365
11613
14179
8424
4230
17153
1138
9938
10823
14081
8302
7345
16077
5893
4076
8916
13007
1917
9910
15336
5506
152
13180
8032
6868
7161
3029
14967
16137
7913
3861
5844
2560
796
6194
3632
402
6224
553
17238
13605
6527
4334
5803
14754
589
15478
16239
13138
14098
16480
12234
15952
7436
1807
16060
3388
9341
17517
16584
17400
3496
14930
3316
2749
2806
14422
17021
9616
7854
9713
3081
14380
8409
5933
8711
3516
10937
576
14821
15424
8679
18366
14750
7298
8509
1969
12124
13122
876
11223
784
5264
7432
16763
16136
14972
7276
18433
14818
11688
12811
16590
14852
7412
16922
5363
5616
12568
5995
1860
6472
16663
17256
16425
4897
17227
1793
7782
3047
16075
6272
2459
14005
13321
4736
735
8271
9734
14237
8503
10110
8042
16511
6762
3500
1519
7757
14033
1185
2097
17048
13196
6096
2653
2541
13472
878
983
14894
4382
7703
17457
9018
15446
585
8022
8710
6438
17495
4275
14351
8181
9735
4530
15168
13508
17968
9381
16067
12261
7817
12283
8350
5818
689
9362
16243
303
10639
8857
16203
12550
8665
1977
2281
1347
15189
13246
16304
4103
18228
3954
4660
1089
14742
14432
4562
14246
15349
13055
8480
2660
380
5706
281
11481
10426
17162
17824
16276
5092
12069
9689
12837
14641
10069
9373
4039
1386
4702
13242
2099
15195
1498
9732
457
7118
11339
6889
11731
8251
10644
18172
11714
10252
18398
10694
13408
17207
310
11610
11787
13768
2383
491
12022
241
11304
7682
6458
3917
4266
7624
16181
4050
8920
11040
6890
2049
15364
17018
8191
2400
1279
2810
11842
12055
11585
6667
11847
11916
2882
18278
3542
10761
3099
149
16713
13988
14236
5027
11985
13088
10818
3746
15104
17407
718
6018
7190
17146
7292
13072
13978
12365
11569
12039
2404
8978
15535
2913
8377
17793
572
868
935
8170
1572
12294
6981
16915
3166
2784
3438
11658
11726
9197
1743
17334
4920
5283
6544
7433
12973
11836
14457
18042
12512
1802
1272
13706
11007
17737
8672
9731
11021
4878
5344
11837
6895
8845
3909
6404
11170
5783
9915
9462
16527
4795
18406
7081
819
16296
9090
4891
17298
3174
10184
12427
10658
56
6597
424
12107
9458
10147
9121
1088
325
264
12213
10141
3920
13083
12259
3080
5523
14659
17049
7282
5836
10645
3564
13495
4142
9310
14820
4627
11234
10287
16762
14741
9553
17995
13937
7359
1575
17264
8722
2952
13792
11472
7228
17642
12867
9449
4546
1184
6770
6710
11571
15592
15630
996
1955
12595
6646
358
11902
8923
18428
11864
6952
5788
5490
12592
12404
2625
11892
1076
106
4200
3137
4934
14584
509
12793
3481
9851
14673
16465
1951
722
14055
9407
13641
17230
3190
11736
16616
2911
14326
17354
9717
9221
9950
9546
7992
12557
17263
809
13478
2817
3626
15386
14635
12738
9853
17030
4373
1437
16491
7037
1820
16731
9375
12020
17776
12481
3817
16306
2323
17087
8878
14224
18404
14223
14920
6808
17481
14433
7558
3116
8557
4974
11712
10277
10087
11273
16879
11146
1801
265
14046
14728
13278
15486
1591
4281
4547
7351
1972
1363
3837
3934
3267
8266
6361
14462
9575
16283
13537
14184
1746
13097
7450
580
10133
9272
17332
7454
16139
2626
7598
13592
2114
1609
14159
8171
6839
11988
6570
8234
1640
10189
5648
2239
7237
1330
5964
10368
4879
15392
3686
14826
17063
8389
15047
11561
14325
8906
18273
14723
8325
6830
14669
10480
1381
14802
17091
10297
18242
10859
2167
8259
847
9966
1904
1517
3620
17823
9259
13294
13859
10485
12753
7896
6423
15014
10021
12166
6860
3157
9569
11956
8447
3603
18079
17841
519
2558
18301
13939
15124
16681
17415
3441
3892
16549
12783
17252
4263
8291
4220
12326
12663
1915
280
12737
5782
8686
5072
17137
6087
13791
7989
14996
3825
16889
6138
8985
10013
10448
204
17554
2953
15837
9352
6961
1255
11239
13215
18260
17373
6654
13977
5280
6995
14942
3766
7910
14588
9549
13256
7076
10764
7307
1988
9355
7575
786
64
11900
6270
3
12486
13705
4507
13010
6859
30
16367
10290
8759
9913
1149
3089
9220
8879
466
17472
3688
13690
7579
15245
9886
5373
16582
8531
3555
13494
3448
7449
9582
8960
2548
18396
6226
9766
13125
4892
16257
802
12065
11183
16253
14776
12061
11267
8406
14580
7767
15367
16692
14567
8118
10081
2815
3807
3466
9059
2319
15081
1290
5745
15504
15165
3437
15990
14137
3396
18200
17787
7064
16305
13865
1705
11777
1880
8705
4965
17744
16866
17275
15029
13549
14521
18253
15595
3298
7116
9336
12760
3059
8651
5474
9102
2423
4537
6337
4794
9264
2359
12390
157
12149
5130
1047
15957
1957
3288
16408
14023
13821
1527
17898
4634
16343
13304
4827
10186
14175
16211
10016
8321
14961
5019
75
10247
14971
10509
11898
18151
13903
18212
13552
10168
2515
16954
8995
16884
6072
4023
14725
18323
16785
6703
18244
688
5615
11374
12917
17117
5109
17572
17640
2694
9332
2684
214
1612
12012
1489
3198
9854
7372
4403
8708
9593
17130
6182
7977
17772
17695
4066
18468
17125
5143
17174
6057
3308
232
12466
15695
12722
1642
13178
837
15892
13863
12188
8992
8614
15267
4490
15224
1693
15448
14886
15804
12389
4535
16878
458
4347
5789
9250
18006
13852
5612
9805
17376
10155
16286
11611
4746
13536
13952
16957
1789
7329
3021
4377
13561
13282
741
6760
4650
1249
4765
13868
226
2276
17258
5265
5241
13835
6454
4123
5815
23
9525
11054
17851
6264
11366
165
16270
13539
17777
13621
13524
15711
18454
2972
12337
11114
3280
1368
17482
8201
17725
9067
14342
12011
9771
14279
6872
11835
11692
8898
8793
3773
8300
15372
7378
3959
8070
13575
12546
1304
1266
16868
9198
11801
11624
10870
12089
5936
11436
3462
12479
10175
10699
2988
12010
11771
6117
189
12986
13001
13405
8744
4589
14592
7954
6620
17690
7652
14238
6256
10070
7258
11568
7346
2113
1458
13119
13254
16694
5967
4222
9263
9509
2518
11874
1316
2693
9579
5794
1928
118
14244
16349
2165
14154
2216
3193
12290
5421
10633
4701
513
14222
2309
701
2211
2534
4229
1022
10216
5811
8892
8439
972
3015
12226
7603
7061
15405
6362
7227
15731
3876
6196
10073
12157
12483
10143
7708
14049
14217
9608
10203
6774
12728
17713
11271
18103
10752
443
14654
4763
7181
9666
9742
8192
10502
8687
7468
11172
9903
5793
13369
7799
1253
5943
15807
5041
1756
11646
15981
2101
13271
18124
6870
11083
18177
2412
5795
8858
8412
7215
16430
18047
9089
1332
13702
15825
16341
21
15399
6869
163
18017
12147
906
932
2839
9314
1943
12642
3478
12578
10377
1982
13464
9435
11174
5308
1830
1761
7943
3592
14262
361
16027
13124
3548
14652
5249
15991
4478
131
6421
7268
9228
4284
14969
15744
8972
10329
6565
11693
10661
10507
7531
5675
16909
18435
14302
7185
4195
16390
8243
2726
4729
15898
1815
18460
18000
8540
17208
10374
8831
12518
8970
4034
10077
15572
13326
5439
486
12889
13095
17064
14419
12063
16373
10999
11256
15122
270
2686
3183
11766
5514
16888
14668
17977
9167
2324
6571
3641
10300
12739
18472
551
17003
17155
14269
1632
6034
2329
17268
13360
9353
15692
9397
603
7174
13556
15100
12909
14102
10787
6878
5182
6737
4061
2409
10245
4935
5544
3537
7586
9500
18072
11002
11236
18183
12424
16493
13808
703
10210
3321
12043
897
17135
467
1708
10559
17716
10055
17360
5646
14310
4538
8127
12883
10995
17692
15747
14556
8338
5050
15903
12689
12565
8134
2716
4083
15419
17001
6918
8245
14162
14421
430
5404
1073
4769
6963
5184
7738
13380
2017
14726
5416
8230
1039
10164
2001
2909
24
11251
5162
503
15368
14156
3019
15671
9502
4181
15550
1397
14919
804
16742
17314
16113
10440
13890
6844
2925
1011
11970
11794
7496
11718
10275
18382
11099
7323
2076
17408
11499
11702
10993
4236
17448
3375
2316
480
9655
5620
15228
16406
4955
10581
614
16094
4527
2936
3468
3282
14296
6627
15575
