1495
1857
1457
101
772
1145
826
1314
136
804
2028
2207
2099
2000
1078
761
2239
676
457
1948
1987
454
1057
48
2111
1400
874
411
1946
1202
842
647
109
1808
1540
262
1937
2216
1046
1685
382
1933
2090
173
577
1009
188
756
907
1398
636
1934
1689
2165
1179
2105
440
788
165
1537
420
1258
2134
1791
643
1295
1589
1355
959
1939
2116
856
1136
1139
2220
770
912
20
68
576
481
1740
1431
2168
1304
1534
1363
1140
2104
1828
2129
809
2103
973
1116
211
2125
694
850
1762
1487
1124
59
1083
286
99
392
10
1608
1482
784
367
96
242
1460
1830
869
1708
189
1069
615
1552
1277
333
1051
423
1679
2098
1797
844
1399
955
1697
507
1518
1178
1788
1852
11
312
2054
2154
1265
876
1994
1315
735
1200
1156
747
1618
722
247
1211
689
931
900
1050
981
1106
358
765
1081
1165
988
1382
674
649
325
913
924
626
2115
2186
1588
1344
1372
1088
2178
1507
878
40
453
653
1294
605
2012
2226
439
1687
1806
2170
436
716
1568
1221
1183
1853
781
1480
2136
491
604
2049
2173
1275
461
695
114
1736
820
318
2118
1958
1514
2185
69
1750
811
2064
123
911
113
560
203
369
2071
403
1990
1026
1652
1034
279
1217
2225
147
64
271
1923
290
148
431
1639
235
343
606
2106
1824
1964
718
175
213
1371
1661
1356
496
115
1660
664
1880
460
81
196
590
1702
1862
1435
1872
1720
1510
871
1786
639
1834
180
1766
407
361
1891
52
2051
1299
216
1867
1792
1263
1835
840
1832
1060
130
763
2121
740
2036
818
1336
258
1620
1555
1855
1264
1584
1187
23
624
1513
646
498
544
417
1562
132
355
1640
863
469
1194
1141
1882
1816
1585
5
1143
814
228
750
648
1904
1947
775
168
1418
14
1878
146
277
2187
129
1180
1630
1354
2153
1420
598
2199
1558
179
1913
525
697
1253
21
1898
1132
1216
34
633
1564
1914
2041
370
1677
1789
1021
703
1863
2001
471
1283
713
608
254
1508
200
398
2075
687
540
29
898
19
1281
663
1844
918
1207
2109
864
998
1437
1244
1365
1419
921
347
948
1440
688
1996
1245
883
451
1498
896
2130
1458
1059
1709
1972
2058
916
1930
673
1428
110
28
2032
1581
1675
2009
2181
225
1953
1693
58
895
1582
858
1551
151
1324
331
618
153
1680
510
320
1254
1441
1931
1446
607
1154
1644
1591
1312
230
870
1032
2189
1385
292
364
1475
1266
1761
879
1549
1282
54
565
1080
989
1019
1785
1770
482
535
792
1003
1753
766
1673
969
1607
249
1311
1504
1752
724
1394
2087
678
1519
939
823
1389
344
623
1381
350
656
1174
1778
144
1147
1881
26
868
1739
1669
298
422
1871
943
1666
785
1055
1594
1626
2150
1638
486
484
1073
335
1214
2197
847
805
2198
1573
1929
2195
1674
474
1167
967
204
1491
1631
1682
505
257
384
1290
2188
1289
1093
1137
1401
2044
1593
2217
191
35
1900
1893
938
1486
1303
1935
245
1821
882
33
1002
1114
1633
1550
16
1097
178
476
330
1906
1007
1086
1222
727
332
655
748
974
1686
1943
681
1259
2023
1732
1768
580
85
1018
1571
1743
1530
1101
459
305
299
786
1339
1726
463
642
1308
430
1546
692
1825
631
1758
2019
1903
584
1793
897
1615
1561
1030
645
928
1104
1048
470
2006
352
232
2056
983
1499
1535
208
791
1579
2040
210
671
1242
797
1112
1288
1912
1164
1256
2059
725
1001
2179
1126
2101
121
1716
137
672
2218
1827
723
2038
1528
293
2034
1737
1767
1860
1320
1409
1734
1135
1024
1522
1911
905
533
1011
696
715
861
1036
1774
267
1918
1215
410
261
1340
1861
1444
824
910
150
1980
93
1042
627
630
526
1688
1746
2135
1408
1184
1811
519
1725
2018
1983
1531
944
1909
1075
1506
104
1884
212
1391
711
1658
156
467
37
980
1696
226
389
1319
489
1563
2141
1500
706
349
1526
1670
1451
686
1056
1991
1072
391
2211
134
2074
881
1712
709
917
108
1974
2183
935
1623
227
1973
105
219
1642
1889
1279
1323
494
557
1897
2107
817
1982
309
264
701
1359
1731
530
72
1710
495
774
2177
1038
1940
1102
356
2030
679
1098
946
1664
94
994
960
1095
1922
327
737
1338
415
1986
1769
1817
400
885
972
386
1809
684
728
789
1249
1151
1763
736
541
1875
992
1754
1659
97
1905
1014
2083
2021
2169
759
1823
1542
493
956
979
1610
1836
620
1061
1166
893
909
2219
1619
2234
2132
172
2232
889
1425
640
873
1148
1742
892
782
2146
1111
862
574
1108
171
1784
2137
339
2144
278
908
1556
753
953
57
1525
1772
414
1168
446
30
418
176
534
402
1776
1868
209
945
390
1262
284
497
393
1351
1449
378
1595
1691
644
888
1587
583
657
1907
561
1874
1604
1795
2102
450
15
455
553
198
501
951
78
480
353
1035
1586
2114
1545
17
691
1879
1888
1643
848
1722
930
1858
1901
1379
1613
1484
1090
2055
815
1210
1335
2156
942
194
1476
1516
1651
536
1301
2068
1826
707
857
1188
1122
1006
1870
1044
999
1831
1152
6
2138
2088
937
1924
1427
1596
1010
539
807
195
884
2052
1280
206
1728
1302
302
2022
1578
776
578
1577
1199
1004
308
1851
1866
1971
490
802
1988
1173
1650
1727
1704
1955
1490
721
1157
1247
567
950
2206
270
1159
1856
699
866
517
1629
462
894
825
1694
1779
139
1134
1965
2174
1799
159
456
396
152
670
1257
2236
2193
1885
342
1388
425
354
1190
479
1902
1377
304
2002
513
801
300
2204
1360
222
424
1690
405
1464
2024
1692
652
1496
1804
1255
1966
22
527
1063
1883
1572
2096
1013
1350
1331
2113
1422
1782
135
119
1978
790
1701
340
650
579
2160
1193
60
2047
1894
1890
1663
2069
1560
1260
1235
174
1976
1993
597
1598
1794
2229
434
1981
250
2097
2215
751
1213
122
169
586
1067
1395
311
2062
492
666
295
363
741
2228
280
413
757
1527
1386
537
2151
1185
2230
2233
957
395
2202
886
1612
1272
197
42
2122
1798
1332
2126
1757
1076
2163
1079
442
1176
865
1814
1580
1473
915
127
1229
466
289
1873
2045
1886
1008
1071
1765
2214
1121
1627
1818
366
1403
1711
1493
2066
326
140
82
1239
207
154
1738
767
2171
665
1285
155
1521
685
743
712
1415
1997
90
374
2117
1246
1110
1599
1605
612
1492
0
322
268
1908
1203
2223
2070
551
1348
2201
485
260
1961
546
1730
2084
1565
1043
1523
473
1936
1269
88
914
1645
1656
1790
996
62
2184
1105
1373
41
841
444
223
1085
112
738
1410
662
1353
428
1453
1541
903
468
523
1984
719
276
1616
1474
508
87
77
547
1606
1029
1820
1227
1941
1274
545
798
237
2092
1169
1230
1796
13
875
1433
1780
1208
315
1805
977
1957
1454
241
432
658
2046
1975
1801
1347
1016
2008
234
84
745
1364
1968
837
1251
248
511
263
1951
549
1329
1206
1456
128
1570
218
1485
901
588
1803
317
282
199
822
1238
1877
1369
1326
1539
1845
1536
609
2015
675
1800
503
1226
733
265
1751
231
316
2014
1463
221
1149
611
1237
36
215
2128
1334
1196
1466
1429
1130
167
1815
966
587
1309
852
1641
596
592
1600
285
387
1592
184
126
50
570
2108
1292
1045
622
1047
1053
548
49
1802
795
1438
1327
1717
166
1544
595
2057
399
488
383
2164
1189
625
952
651
2
1771
1896
2076
1950
1316
1962
1969
1131
810
1942
233
319
1706
1310
1864
933
742
1617
1383
1452
843
499
1703
438
1041
1160
1434
100
602
2149
287
521
997
401
2205
601
929
433
963
341
808
1876
1634
1925
813
1296
849
787
520
1270
220
2155
409
337
190
690
1668
1318
2086
1699
1155
47
224
116
192
1337
1979
2085
528
919
778
1683
682
932
111
379
2079
2212
1609
1755
821
2033
2161
971
859
982
1417
730
394
2007
1892
202
229
421
628
1494
1520
2196
1812
1138
2147
515
1648
564
1624
1841
1421
1367
573
1223
1144
1547
8
1074
1413
2167
1538
1204
1234
717
2142
1450
259
1103
1489
860
1181
2078
585
1838
1170
1066
1033
796
839
667
794
922
1119
2048
3
1430
1944
2224
1109
1423
1472
2053
2157
1775
1921
1529
854
1636
131
1120
704
201
1325
1212
1125
1723
851
1209
291
1813
1960
1681
67
74
2176
984
1099
828
1089
1070
1715
38
465
1231
500
1597
89
1313
819
187
435
1840
629
1368
1000
1129
1380
970
458
744
1224
1926
2190
177
1602
1317
478
1919
380
1031
660
1603
2152
1017
1920
524
1760
288
1366
1744
2145
269
1566
1481
1553
920
170
296
406
749
720
161
589
1895
923
441
985
853
294
2072
1405
991
925
566
1115
1477
273
754
659
613
1416
1505
1374
975
272
1745
9
833
1756
1005
12
603
654
2148
1201
1479
2082
899
1637
968
275
61
118
217
827
426
1548
475
1161
2037
32
1052
1915
1501
419
1865
986
502
1748
2213
1321
1662
1117
1205
120
359
1243
1829
376
845
1671
1719
562
1037
529
427
464
635
1443
1346
1910
768
705
661
1390
780
1250
632
2110
568
1749
181
1273
1225
1533
571
1358
375
708
1559
2127
1649
1333
1665
1956
2026
1077
2050
2100
1741
1096
1759
2175
1
1735
2210
1848
514
2131
360
764
142
2063
143
947
504
1402
769
593
1621
927
1378
831
1927
641
193
1628
758
746
614
1142
2159
1854
306
2166
619
1248
1999
2094
1100
18
1468
1483
1195
371
1198
1118
575
1764
1655
1306
836
338
1695
2208
617
1554
1049
1182
321
238
447
2209
66
95
2060
1462
138
803
516
76
1305
816
739
1022
182
1220
2005
1424
437
2031
550
27
556
2139
98
1654
552
2029
