427604297702850560
436766182406758400
436286379824144384
421151643099336704
436297729669484544
337606228358352898
422849144269463552
431104477509472257
416810404216438784
432866362080247808
423479381722267649
438723307861340161
281478966940950528
431252928092196864
429841499887374336
430692338998837248
437612875906289664
428355149107458048
412353925782593536
416285299342204928
431888329043218433
430490759804903424
430455837316767744
341638485704335360
431840713853001728
431277319206891520
424455882563272704
306784665828732928
408033173553954816
289045293603905536
438155080521359362
418172659264790528
432704260258533376
439847064558510080
339454915074199552
302166322178039808
422999823294267392
435316240379166720
418605179890450432
432556058855235584
352446386555465728
435228450744320000
294151770089852928
403591164403539968
432785884614635520
306119637811216384
425458531249041408
425458002192117761
430496200081428480
420413911058223104
303639761728462848
428352171386474498
429457825580863488
332195389170143232
429463858726449152
439807453438296065
364823513573502976
433820732473098240
420769761803255810
353295830234562562
439841628987994112
436552786570792960
306916133481623552
341983011937587200
435888933793054720
425471399906394112
299565593626046464
425344386797281280
301861880346062848
295940203967827968
327522800472584192
434189307931148288
339439492211568640
424583236568633344
354984164816203777
432920420317020160
380411314889179136
311228392672468993
281477954213650433
429479332788977664
421152356449783808
295955202786349057
276780051037573120
428033418505777152
284321550461702146
438377062215073792
435861378440511488
424360269775511552
437819540307582976
290909335524110337
421922642799497216
420952252199600128
279280379679096832
416488785753300992
435090584928149505
431638658236420096
430056364350914560
434544837279236096
423275482998509568
422742584100790272
434814541281497088
436908565714837504
435306277296558080
357510855849558016
437069724208209921
432216986735501313
430204606769938432
433065830390038529
426189985448873984
430133401371168768
435849822537400320
293786604143775744
431633439767265280
303892586144346113
436563695112445952
432751822583787520
432644744783462400
316602455066570752
437281681402114048
418181704063262721
434831670047281152
425461611701088256
424362513107406848
430224898951094272
433661599836930048
438790453790396416
433783939082096640
438000718021029888
430728002884759552
429758527209345025
421148953476751360
412277354971406336
434545694318153728
437320832629485568
309420361567571969
367292474655375363
432552850451726337
434812727479910401
437514117683765248
434534054549917696
432744456450629633
437310171421765632
435972735739510784
423551921211715585
286923578413293568
431636224923541505
438125690710269952
439226346586128384
413838480712552448
281158890933084160
431626358507073536
425464497097043969
429121024404094978
434984502314536961
403881080257650689
295939663468838912
414514766938263552
437300413285400576
278204029467774976
431829869974921216
301385493541695490
412033415425187840
436422713834348544
413374964436185088
299619618308358144
438014327132794880
435449498718834690
437271990563377153
431878605732200448
296299407882743808
421005423735762944
298555768171544576
291598005646282752
432197653166710785
306911251798315009
311459413720432640
422422570244136960
301068943018303488
311981787167469568
433655475050000384
432785265673793536
435329170403381248
293171443863281665
432762309539155968
431256910550282240
439214689642242049
435307768451330048
416047373526110209
434767002100441088
326374900141002753
284010217103052800
431880597133197312
428033391850569728
433314726232076288
422848291865231360
415700770604859392
432426276649828352
425462772239847425
427544090880643073
422141066960068608
438378885877882880
286964949761265665
428949038885388288
432754746701541378
422443657652752384
430856910363844609
354295065465729024
352828486932627456
435310591020769280
425478532320354304
434983757645238272
309437443826929664
425759262258642944
416475225702690816
274663854728949760
436892800706048001
289429304843046913
276743697142530048
439249479942680576
287258075512053760
425664404634341377
286614381381423104
423142708723462145
417165915932094464
427632935542325248
432995409745547264
420768457412448256
431631206317576192
429363107048071168
307506984993820672
418202529021710336
432750373862793216
430494766539620353
296349183726739458
417726247850872832
432866979548897281
438146052256829440
435187744143192064
420273908550344704
284389372638408705
433654134466547712
438530581052133376
412396409946513408
437019481139732480
440251832917434369
432940213673811970
424227616090882048
428354532557332480
354313787400126464
308666210814406656
438136383345946624
291618189589241856
431248071159062528
430504826133159937
422847558776410112
432181383855734784
428884669916925952
276763641548771328
419603456123363328
431576104348835840
419008246850936832
296686545304428547
437826035841658880
430227438757359616
418072534542602241
301451168410898432
288789648870866945
415900932736421888
436401666032545792
438015371782533120
439898729139552256
350408085359177728
408788255920754688
427900101424472064
439419667170344961
438861563806482433
299003469224886272
419522674323238912
430747837572214784
369494310565060609
438238485950889984
439974949441110016
298499150583046144
431632462070816768
425149594956095489
421310956220583936
435096178862993408
430504459550982145
420769805348515840
415183091829727232
440383214410932224
435856775489671168
298934121621757952
421423623551729664
438468711842717696
433439548899459073
436700112614473728
433845753308385280
417150297278935040
431857371044802560
425473090106052609
276037697880092674
424364745232117760
306488698000797696
439034265456488448
435090011982012417
438699460437094400
425475748900515840
434546163082346496
309384334211690496
281414761374175233
432258685570535424
295916486504108033
319850140888354817
430153935563681793
430769459561631744
431626559657484289
427993596336168960
435910665744551936
423325699395448832
420463899675074560
424719560009199616
341674269153050629
437111897423216640
430329594739048448
410126815496531968
303551710104784896
303671852746801152
418517011292233728
313780142323425280
432611238724390913
286943865162838016
423109479459078144
431253498823311360
430491295958581248
426708971571777536
431633844282736641
428027553354223617
392731674405916672
433840363258671104
422989376893644801
420321268131323904
280747321694756865
355397400707334144
290892367781847040
431277509167312896
341758890368716801
432337229218734080
423327021624590336
435890414583685121
403618447189229568
425108289097977857
431843901838610432
424413053849833472
436563068391137280
421769930652921856
432899813391073280
427619444693544960
434984299637374976
423272844751953921
427943259025842178
431624849543270400
299557087778844672
433642396434173953
434775606098530304
433621205145231360
301351465199484929
435916157770420224
349538564826087424
430930079669968897
430966020375724032
435588609018576896
301726041003683840
339509990043832321
278207522026962945
438119403490902016
417920718018318336
309789287019319296
281437403267358720
293171269862559744
403897615252615169
436731599237832704
431687104637054976
436562467850682368
436903257101721600
427534834760556545
425465133389709313
420014671408529409
424976219117867008
431854911416848384
423916696315785216
432767958545211392
308990748446060544
432395357964623872
349233049231294464
438006773677432832
350354786442424320
293522382541447168
349215711333318656
427617389803360257
413477921320210432
438696279753768961
425115679520350208
434440152253886465
428583343475531776
284302357813133313
427660552890884096
420771342091165697
341963481853091840
438374591619006464
415947492228730880
437321353314582528
437974457521426432
440221262166491136
440219412314873857
309384309209440256
345250004522389504
435194333797441536
416417387663998976
432613839645839360
431430550251786240
427583070217064449
436766970940121088
432218599411834880
429709113103089664
432887570880397312
329012619170181121
432389337062199297
278926155971706880
437523262231154690
300991533669302272
425333311511076864
439212531635068928
327135874859024385
432611611606384640
280087962631421952
422743172087681025
417919087621074944
435923359860543489
288723958726000642
422874472383655936
430201347539869697
326721862992293890
433223935195234304
437251958768820224
431206679875551232
326394343973863427
431629830598062081
436043620324352000
431294094149955584
420015646475169792
434783264029429760
429462609151012865
436042148526317568
433843103401644032
296995050569748480
440232049970929664
440232799434334208
304350626178011136
421402404811075584
431627089251274752
423111333077200896
423103681362284544
431271850128465920
432337467891400704
429118797899763712
433630349747175424
422940331672621056
426557961205338112
412771095805063168
316621718829551616
432769329076006912
421152589569208321
288314642789457921
425471087355260928
430370185489289216
428035792930213888
439961799324999681
431182099584790528
345318979918774272
433441552698855425
432645717417414656
309390598132080640
428032419334078464
429484729000148992
408791905447604224
308590184545529856
436287036052746240
416045489776119808
435811727393841152
423276775804645376
438118741545467905
414872435289100288
281413551447490560
429864945136570369
299240456116637696
420599007052718080
298507231173943296
430760917656039424
430336821705179136
298863175577788417
430351210655121408
431237144515207169
426515049310846977
431617269815181312
432934072629751808
291558115214774274
403618811795890176
296654124810903552
436286157627080704
432765451718778880
306858532681170946
329136495543848960
431269583497232385
276030077169446912
422629851980263425
425109636522319872
436409792106491904
422628689310789632
418334461495750656
420603479124475904
423890479374032896
311209694716899328
414909419961344000
425110154527264768
436004648025985025
289393651761692672
302154377228066816
275654281472921600
436190483908268032
428032901364457472
289185701776474113
339491167412551680
296702389153579008
284405534893936641
436991209962078208
403645727684820992
294155327870496769
425123316555190272
431270560182845441
408675949807288320
430502436667539456
410839634608795648
432027690124591104
419522043038547970
288672997240360961
424759601930596352
426851098842787840
280801517345312768
437744769695895552
433042032399888385
425354860481892352
428917769518596096
440240478429011969
432043120620883968
412781365625503745
420673927589789696
418317731058810880
293405000053440513
436241856456699904
364420489596252164
440218478541168640
432340208722247680
422852293193502720
429710273063038976
414061655048192002
415545495075831808
418290698345914369
432027498579107840
434776783070560257
429455839150092289
329682010337587200
284356780048404480
425110714399727616
436414560182865920
435886986193166337
429790492432547841
437060564049608705
416497248369770496
433829456566693888
423284120802689024
420303481757769728
431552779275223040
286505224221384704
439654855695544320
432575166648832001
311528747771756544
422778933071736832
432572874314895360
432573229157203968
431686187875454976
438097257728974849
306573384953769984
436414699110793217
329734210443173888
432941037061812224
319136215058223105
298540439328399362
439249901776412673
408792456692396034
432340869065101312
440003070403940352
424050571394289664
435313585149857793
423463730077114368
425846003942428672
431959681490092032
350268002169651200
304649240712462336
411337640097480704
424428486820769792
350650023383539714
436713572610342912
432766263450816513
425658225745080320
422992747079798784
288755341313851392
440280676659494913
298843574206881792
319204740607135746
431668677260214272
417088399548219392
415632845491544065
411180301784604673
435963715351871488
436898531534573569
416285616502878208
295213635624640513
427626682208378880
349552073056067584
424481808353210368
350392936510394368
425382739114594304
419684236010868736
432026447784337409
432182786296782850
428630610232348672
410915611435216896
416449643170394112
428042461798092800
412390870474715136
425469749166751744
427542977821421568
430799431672143872
420462181092573184
430154602483159042
422994441423433728
414910335552733185
319206034851917824
437137929337442304
426189423990960129
430049102253268992
291207970287648769
349944850117955584
298638452751212546
424361237867024384
424359527882817536
419725234447470592
428586950522458112
437999289940209664
437837435121049601
417823928396947457
424463757092192256
301734795942191104
432728750279495680
432389025307971584
275724602808877056
311895928552435712
436242493785403392
431628266743410688
437258408303931393
432569958371823616
432742557856968704
275670718568607744
437746496679604224
438102917493452800
328993391482372096
438905857716137984
432696893831782400
293583323090018307
428328695829237760
294169477338259456
410913813639094272
350300428291932160
437659143487225856
410917729189634048
434545886719672320
427140345541832704
306457225940062208
430135720162779136
438123728803618816
439836874564071424
432642913713930240
428365544782168064
436128121977180160
431553631125794816
421922913499873280
436289595358326784
329046113439076352
280830471078805504
416497381694111744
428198704277766144
436289379188088833
415217580954353664
417697190350303232
309736946060644352
417362524720226304
418174020979150848
316602830142185472
413520636146094080
435315282353999873
421792080550039552
424770194171363329
437020599789961216
439537310049128448
423170731195637761
436583578168602624
352865721266618370
426849432361914369
436767712107175936
432761077684633600
299259758639210496
403630130397868032
437016310988296192
420935891603824640
308610655374692353
294194843540922368
435094000995799042
439035579590647808
431270676461133825
434375067460313088
437279313428094976
311178112547299328
438325519361126400
422801716874977280
424411848759582720
322144333220417537
423933757742006272
426157778726813696
414688511741018112
429877212569796608
428741482150125568
432812323640590336
427541588273680385
387470581534572544
426814670121365504
355487077627994113
437849059898834944
437513782303027200
323842227606519808
417151033811689472
435511906527244288
432767130837467136
430939788485484544
428671734137360384
306084042938392577
429670749490536448
433699622293229570
291933722352173056
296606867642273792
425460338146803714
290858978815127552
429476944690688000
416809457562042368
437658245058936833
301138585711702017
306557812140539905
428072124528332800
296005477232410625
425317343774777344
329754185757237249
440008636203421696
281101970088001536
428676952233222144
438008049400176640
435338269375479808
428740331295612928
430763855124242432
319517025485606914
420766675592413185
437974300637683712
380068734364176384
428598657412128768
437483519141359616
291243800834224129
299314349263167488
420303478788194304
434169681151152130
428740905881718784
302154227969564673
427991871642542080
435320983822409729
436734302953299968
423105141416271873
440239232682967040
432371521776922625
411961387699957760
347357008560787456
327188554679742464
429776513810968577
432029335948505088
341710336421941249
295936989436465152
416483060498976768
426850606842523649
422310990831566848
414916179229028352
439964956012724225
438839985546883072
433084028267159552
431168944959791104
364842450767986690
426147259776901120
431658855022338048
423994102728769538
432768178842644481
414016086065942529
439275371536457728
431205832902971393
436002232589250560
435929606013452288
414676633551785985
427659985527390208
431994772908040193
424587409209057280
281511015957532673
432301964869640192
303606838019104769
432700580369145857
417086714050392065
427541679449452544
409847477441802240
428650982075936768
352933808556879872
428027113371729921
278627057892720640
428039812138811392
306472510902394880
437291305987633152
431894250108645376
299001969748623360
432026905198346240
432918573422358528
287242506578579457
431568561916485633
433833843678662657
426848411564769280
302106151485587456
290894785068298241
432874249808658432
316240851498070016
291952866795585536
412375463370055680
288720462492606465
430199651686285312
427366155146108928
438776165453406208
431663721039933441
425106855514234880
290209720344657921
431473427501699072
423999254114234370
424576440147800064
432026604219293698
438137599094292480
276093547273396224
308719351463305216
429466917787553792
408735638708428801
416802884475297792
412357981884665856
408081910414311424
428354027017883648
286890200221745153
418181653203140609
291691763792506880
432183966796234752
419605909317246976
431271696088449024
438126564975185921
430497244857397249
425109502078103552
296022679100739585
437513064204627969
307266318539816960
418327760138813441
420936742057689088
439938580463357953
432939386666102784
433825410887864320
431204988396634113
437428843846975488
280712375517192192
341585699067285505
294645936213344260
347362543284678656
352914421602979841
421154493602877441
424412528303546368
428270070918164480
434515462873817088
428035554576322560
296610395207135232
349526835761131521
424585805257269248
435325228189622275
390890079851249664
296315476596912128
436408687737856000
426947283746177024
329701753828298753
413478031890464768
424361959945801728
337752469545304064
437520669757026305
435092007719952386
433047426946310144
296330367537930240
439421315817021440
438360815901503488
436707708356423680
431875005324877824
428697130845237249
354738137509019652
281409139215835136
334691362710630400
281800411348869120
437433255369793537
347096754367385600
412770975977992192
434105144225968129
281057261382684672
423840339485401089
435903556487360512
431877186123874304
296351390224220160
293411367585710080
416044943732256768
433445066816770048
436247496939941889
288368122401009664
430155002082893824
423128981773119488
292421767736205313
429105212326805504
414176140383637504
435802506166153216
428009075993870336
429465963340115971
430540707774750721
435178684341686272
280777695053348866
355054750036799488
438494204902125568
339528890835935232
440234186058637312
293736618295181313
428010121193459712
327467835557302272
430506685459734528
422976025140535296
427367030761598977
293439809324740608
418518746479591424
439960871498821632
432639073727946752
317323098816917504
438135365015052289
419897997120385025
303944716838383616
339471498530136064
423820418470797312
439045098936877056
437478695532380160
416822829451976704
329101840807514112
437977156262432769
432028404330663936
434979422123225088
420460310827253760
429116179735527428
303628756025745410
435516102496382976
284341243356524544
291653577582190593
429123604739932160
439807496538968065
432727401492008961
428031144106274816
437433594747711488
293406301902479360
431676139250020353
422988574943084544
431985342564950016
429827768055242752
434143600201318400
304385000718098433
281159361844355072
420945923053596673
349948244878565379
291227554227032064
432878654645760000
435827158791901184
427913185836818432
423600739290603520
433841770774794240
440331069028433920
435323514678038528
296259220951687169
439095464311275520
431626081909497856
433751441476292608
437322730052935680
301773896871452673
298824111227027456
433408685612998656
438016616291237888
422853242700062720
435963153612939264
428659421015588864
433986679313936384
286521464469983232
428004229127483392
435306768646680576
416393584087011328
437835198957252608
308742800298610688
428674929051975680
430386682857144320
299613335400370176
327452295585488896
423118068017922049
422855873304604672
438119886213369856
434984782397575168
311169538538475521
439847272554049537
327506666390183936
288309464438829057
299653540664713216
429760154083418112
436424163842985984
307232523778396162
432751011694784512
408032877234749440
419870829917110273
430745945320341504
429320429409292288
434180950553948160
439810791714197504
424971526203383808
439836705361653760
435976010077446144
422636132602372096
439261996223967233
437999615917318144
428545334164201472
301014746247880704
415700121028816896
433066494352556032
437058781197762561
352846713402310657
437320468777799680
435161207599673344
434048335637254145
276730656556449792
433819986134450177
429004202270916608
293577062357286912
417733105525350400
350335491700297728
432741410005995520
304266998068699137
424976937933479936
304317373148708864
431434030722990080
296393356509061120
318807898396438529
280081822531080192
350295583690469377
427202579915735041
422797380568616961
424403294228717568
418056749321428993
432751745626681344
432794925919244288
420948097770848257
411348480620126208
437320722180874240
436707612478824449
422853743894216704
438135587304775680
427628001560244224
303872422032072704
432812880317001728
435803964399812608
435988442795614209
425752793115140096
301919924698365953
420655920243150848
286589125749002240
429362818584825857
432556230163189762
436991989620690944
437301726593294336
438414008295514113
427618925094764544
438307661889552384
436288484278423552
431328195120340992
427584449887215616
436408280391245824
432700496676024320
276431027738652675
428037848659263489
436425640888131584
337641126708269056
432787763931271168
435198935963942912
420946220635283458
422761817400549376
431456529254866944
350217888059244544
420947871274242048
314052272244019201
428742362999685122
432764345957613568
302173900589125633
293357917632086016
430924558678245376
426514295586029568
332177316077772800
301455154291564544
276863741830782977
289065453911932930
426187951375392768
413155742774861824
432766559560282112
292039761684725760
435331393103491073
417823602554052608
416282445206388736
414176293467340801
418931807665414145
296372316198301696
292421156403814400
436557265533820928
435973720046190592
437454262348443649
414675554978131968
284025719959465984
421922819094482944
433752465045864448
431616572969320449
436991883274121216
291998990776557568
438125839977177088
434986075514085376
297016120861396992
303531998323040257
425477183306354688
296472382124740608
428579900165877760
294184620461813760
431618308354220033
298485872024756227
429878495531905024
416467687435698176
301033019723112448
275742297939931136
428032769625583617
437494818365644800
286872668609859584
427542670945157120
427584800363261952
418502305445445634
432615210587652097
433654295372632065
436283410483384320
423326501270876161
430493753615196160
435319566286073856
410236301095358464
281415040052129792
418074918123622400
427375362629046273
440220714063241217
420084066239533056
331793001871446016
431636909190701056
423277143972274176
437512237830254592
418290118454038528
309698492744491008
438153854790541312
288350120175607808
437676577703223297
299309457752612864
425108569269493760
440219966046883840
437137992763707393
425110416977440768
365501364345905155
425862689873620992
311497352680710145
433135198767964160
430490527713071104
279287909218148353
414780353899814912
291715825294012417
432773242210615296
429867693118722049
432765859962970113
314453724674277377
294574096321224704
428335287551283200
420081470644838400
423585450884726784
436992478265106432
323921823353958401
434978936909344769
436408866155155456
436058713120444416
424462895515041792
298912601839128576
417695168284725248
439810966910287872
291673191900917760
390921027372322816
431131840133337088
440207087209947137
439651809599045632
428028760592375808
438507782291988480
439425513673601024
417691401137455104
434669049386004480
428350140173152256
420589565116555264
434852595178278912
413477680495869953
439242392915304449
432213759348580352
355324117404221441
431431165908512769
417328475771387906
309368466828320768
355467375354724352
414680833459355649
408766639073554432
436544328500916224
439275534162223104
429502431844511744
431416137742426113
436289768243335168
418592569602236416
437661681414447104
278979052986044416
298950991296987136
435977909069570048
417892376590286848
301118760046166016
431678013835464704
296618731008847872
329718608194306049
426812889467346944
432645928999059457
319191171794616321
417726395637182464
290874321658843138
437321874859495424
309083908887171072
423105686235406337
419898176762421248
413155394920263680
380339954997403648
433753196977086465
423098338209054720
431875065865445376
430737629533835265
341964550024859648
436562619025985536
431463956238970880
423203412012855296
439505037136777216
415947790926106624
436603860275044352
276836826499674112
418055606717538304
275732718870994944
421433322959409153
424984215138992128
276070822962143234
418829960531292160
435336151071600640
437686742095626240
429875646118912000
390906066235432960
319205464602730496
415268608223105024
275759284539760641
301909744908656640
432757701592879104
434978783695630338
341758111251566593
275705313905229824
294219073808646144
431278243229216769
438237768645234689
424482631711862784
435192169763049472
432750295643205632
425759696008802304
289396566593241088
299207447774646273
435966590287241216
301860217325486080
417776871799926784
301459190352842752
430495018982195200
345595984283324416
438002254474260480
424976484441133056
425122700193845248
435300468550430721
318792411142815745
432785555688931328
420944629429575680
420081806839255040
431292515824992256
426348888467832832
433657724815962112
431275829591805952
431836504550162433
426003964543262721
291916426304946176
437840809652523008
278887251314884610
298610920836444160
438125441975476224
276054036619337728
357871617478635520
429782243062472705
429868778537500672
433757078985773057
430492269938880514
329084970826080257
425619199524761601
437485500727693313
431449930045997056
432572411519586304
438295911655956480
433049585917767680
432761120894365696
430570640987258880
354279697766563840
286569392966348800
434539279943876608
428027718056177664
365605737461858305
428030587794759681
312221555440644098
420464664963604480
413382478603120640
428624702072832000
437323660911603712
429118274161221632
430744599447891969
289398175968686081
429496185192075264
288774537573707776
314087347677446145
299583601782181890
422920704397283328
440238705228255232
431627808213721090
432576086321291264
419892461792526336
417924443902464000
430097207107153920
281861006433595392
420664168778178561
416813396789440513
435587940895305728
350634121107750912
411488684567834624
432746334588661760
424413651345219584
433721632624889856
438406066980679680
281802440368611328
438854194124959744
431221030221144064
426847095903879168
296127655076564993
414213488857600002
432227029862203393
435454252417179648
276762729128284160
425785161997770752
425320180068392960
425470367470084097
432610307446292481
413158266336583680
436003657750822912
437519370940473345
424694982046273536
420948550319472640
438124598651920384
293374620600512512
418500109047824385
431878454628188160
432200799783878656
432753312903868416
390937599549788161
430405078441152512
431270559780200448
428946931818041344
425320351791185921
430213904967290880
440521175391682562
435892402234982400
327220851332227072
417071703202623488
341601108327800832
434776519114629121
438127121530388480
436652504881704960
437522288129224704
436393391010500608
293582378532761600
323857365466222592
411233049792086016
428363130662440960
432574053992255488
292397378382725121
304333849062678528
413156774779158528
432584194162581504
341306910206738432
433290538779807744
418079901602697216
412124998552145920
354638598118711297
293582210861264896
435323252097835008
435798225253957632
431132025408327680
439064435185836032
435334874157703169
431664968975400960
431878652628725760
429122078248169472
436731399500881920
436237446238318592
308703727219523584
435819784106557440
298486903513165824
430057705810563072
302095883737112576
416811590218829824
435992834726838273
430767736445104128
438122600498077696
435879649671786497
424411282431676417
432751639657586688
431618833619496961
415682192702849024
280845910878060544
430134092894834690
311478435543396352
425106673863118849
439655084167671809
276021321022984192
289444513724919809
291190135230455808
429668228667682816
419601630560919552
418333433492811776
324210946807562242
432182619367669761
432802534533500928
437487457110462464
281512343479934976
433619546201546753
414515424105988096
327541560675803136
431127584659632128
426846325280227328
347040145515626497
419604645745414144
409801096140296193
424829656991166464
432726891578273792
430505481778372608
420423564475375617
436406277594300416
419311858944720896
412356217755824128
309383781868003329
435617458322280448
393415288315604992
431185288715452416
433727198692790272
432571500592259072
423221190057263104
412305636311842816
414929917189451776
432742204906303489
434814130902425601
417692091360481280
418942707839414272
422261077007548417
436561097538011136
438138697792241664
291578286432202753
430156475843878913
414929005498732544
437729300729434112
431250286158438401
419604265447878656
429470412234174464
430509347882299392
433749606799646720
420948008562212864
425146925222883328
329821597974294529
418078458653048832
426189761322045440
427696849252663296
435586826246451200
314451836566388736
430924971276115969
432315813052162048
276027979442831360
432028689497194496
430149070913429506
438556667114835968
303909560555544576
355106779157377026
437999368482738176
416707676739874816
431472817301770240
301472437156081664
431249372698148865
421155482573611008
321665351865741312
432351576166899712
296282263786758144
294577949372448769
415595225747161088
423096003588157440
415216734216257536
380488625068056576
296349542658502656
432716209469943808
413538534021021696
306872084313825280
422969311225860096
431465307358523393
415548344786624512
300992837242212352
298590556878168064
438118316779925504
430548810402521089
422853525253521409
437321630126047232
432609853765197824
332528281297510402
416452237444263936
299192064015470592
417423843121037312
419353674888925185
301840184742391810
434984146511740928
284373187398082560
293501348782161920
420999006341586948
431856059213299712
416804277097480192
420079921805791232
304988842782498816
425109249299980288
431124234245373952
432568694485422080
426849819877847042
289388419048677378
420944472952676353
290929491612663808
430358586934300673
372817614721937408
439969113234890752
420946985315627008
416046328041709568
430367471753654272
421158261862060032
324226534321827842
278643245918085120
390869927835348992
427154620117299200
433757846228844544
425471680018784257
438533884582453248
432763905455042560
427829032894226432
435974965431504896
437447710677807104
438040628375478273
432744261428060160
431205290394910720
304285788613529600
428036341675606016
421465240862085120
438008453378736129
420597953103798273
347382422243008512
432257826149240832
426147819158646784
420102315933057024
412420963431497728
292421465624702977
426380575482445824
435167337411407872
434543522767585282
424000757264683008
431274640942440448
296721439556526082
281859052391239681
428356002631520258
438125036348522496
278944359016173569
426191277139709952
433077292684697600
306135055502290944
416469478399279104
422972254536753152
434771908282699776
417423262860058624
296770405539139584
294480789775732736
431630743370858497
412781760829587456
434985168336470016
334848329764728832
432754548248035328
424430095885824000
423533200426557440
416813700712890368
425477454690406400
281860423710543873
355021419643547648
425110513719062528
430436376119504897
278905970778861568
421189459703394304
327203644569174017
439425152863207424
420443656814743552
436383949246316544
308974454615183361
425702764304277504
292058403587620865
280796767451234304
296130004746641408
435448005005565952
428327324186980352
437485030554619904
424458074829492224
436190071025192960
431300677068136449
439645363952033792
436557780242423808
440219299181887490
437833864652652544
420084474567618561
435190678176268288
433844819366920193
432767022242340864
423326104548810753
293769469845729280
418874995029192704
423092429445545984
430214224984285184
431253011709448192
302098404576743424
393441119557517313
354622583569784832
424420573498724352
427660300762890240
425333778676858880
435333153238966273
291634256906711041
302124770307239936
438121295029342209
293582856977002496
433834711610191872
424291165764980736
430214086287056896
430767311306231808
329837213028335616
288702545164124160
281415362745081858
432575995418132480
350633333098688515
417690863653773313
279274424878899202
301790673177292800
422635336754139136
415257042585001984
314403567287025664
431631157612924930
288684619891613697
422940771164360704
428355680903245824
436898752180125696
432571996585476096
413687368760041473
436589588413313025
438094081340616704
437317457020059648
424365708382707713
436222208130576385
432028752390791168
437649147768754176
434130253837918208
426368934091030528
430324327636942848
435086362442600449
303587778640371712
438121527918473216
433636034501308416
434025266474532865
407763909081182208
299276439071629313
432728001340387328
438315703972532226
422625337080426497
413531551624744960
435469168297533440
413789572049281024
431945718454972416
290986536579760129
416494920988258304
355416348970586113
435975552374038529
337586320576757764
428701017195032577
281860671740715008
313728276344479744
284045520790503424
420772908684701698
431272656504356864
432643033692004354
438518983868686336
417150706924421120
431441721981804545
424297339453337600
427627260816805889
289766663400857602
429032460936941571
429819266993754112
275687111926104064
428668844622639104
423567326508625920
434181576025313280
286536906253160449
432344019213885440
417420834785878016
276086636775895041
416448976632557569
423133471305760768
425108799557365760
424463101660905472
303568090451562496
284063083314425856
290966557444698112
438143393646907392
433441177216372736
433625603682496513
416449312583733248
431563161368403968
350614836738134019
415194795267481600
278959835624652800
428354694830780416
289185948124708865
302165062376898564
287031787291557890
419356030519111680
414241038216077312
431313740043403264
431630383356993537
408770984364097536
432634822465294336
304374148191367168
419522464687747072
354717946075025410
435964261848735744
430766304786522112
427584725947908096
327487194065408000
432315429659213824
436905512211193856
289180813893971968
431616816784240642
286612640355196928
417340996179873792
433280281043161089
432772825129033728
425126688536535040
430219500709879808
280729883523563520
294114816891695104
344523201721794560
287227582829690881
328227243484667905
327154430808043521
298818983367426048
287032321218080768
431277862922895360
437617801465851904
296282182559862784
425099218844266496
437719360791007232
434823578135982081
435305170734292994
416450881861591040
347064405772627968
432319889559134208
425319704924680192
423101178021298176
410913071318568961
425677314194558976
431160114402164738
429456868553945088
418172955030339584
439245494355632128
430549366672089088
431313697420873728
393030939351072768
319867880969740288
431463306197348352
424270850171219968
433066662246367232
430210439041925120
437647071219154944
431315082392264704
352444497742938113
337624245385433088
418333566917816320
